402

ducimus Ε 11 2, 262, ducunt Ε 11
1, 83, (1116111111 1,9.18,20, du-
cere 114, 89. 6, 62. E Ι 2, 31. 111,
48, Α 318. 396. 427. ducent A 451.
duceret 11 1 3, 27. 11 1, 240. duxit
mffifflwmwm‚
102, duceris 11 7, 82. duci 117, 38.
Α 376, ducendus 16161. (1116616311
1 6, 104. ductus E Ι 17, 62.
dudum uid. iamdudum.
6161611611 1 2, 7. 11 2, 98. (16611611
1, 264,
dulcis 1 3, 69. 4,136, (16161611118,
86. (11116011118,102,111,103.
(161616Ε11,61.(111116111114,8,
dulcem 113, 199. (1616611 17,127.
112,9. (1111616 (1106114.)ΕΙ7,112.
(1111611 114, 64, A 343. (161666113,
139. Ε 1 16, 16. 19, 6. dulcia 112,
76. Α 99. (161611111612. 11111,
23. (1616161114, 16, (161616616161
m
(111111 1 1, 40. 52. 2, 24. 127. 3137.
mmdmwmwdffi
umddmmwffleu
81.,.4796, 96.7,45.,8 48 80.
821112, 21,21(611“11),42,161,7, 6.
dwddduewem
Μ.6.ΜΗ1Μ66
2, 27. 127. 111230. 457. 465.
(161161606014, 34,
dumtaxat 116, 42, 1123.
(7661161111161 18, 45. duobus 11 3,
169. Ε 112, 64. (16617, 16 dud
(1161111,)10,1117.113,11618,
duplicis 114, 63, duplice 11. 2, 122.
dupliciE 117, 25.
durare 16, 128 11111, 82. (11111166
rit 1 4. 119. (1611166116 11 4, 72.
(16111614, 8. 7, 6. 29. 11 1 7, 91
16,70,(16111110,26 67 112, 88.
4,118, 27. Ε 1 1,122. durum (1116111.
1161116.) 19 42111111Ε 111, 31.
duram 12, 6. (1610(1161111311, 28.
(16161111246.(16166144466616
12, 40. Ε 111,141,(11111612,17.
(16116 Ε 111, 66 durius 113,. 22.
duxi} 119123. ducis 118, 73, 14
31>.(16661111.13.18,66.62(16·
(6111 A 73. ducibus (dut.) Ε 11 1, 19,

Ε

INDEX 1'111390131'11

ebrius 14. 51. 113, 60.
ebur Ε 111, 193, 6160116 Ε 111, 96.
6661Ε161,64.112, 180.
eburnos116103.
666614,13.1,9 60. ΙΙ 3, 264.
6611166616,1117,6611111141166)114
33, 6611160111 118, 62. Ε116, 23.
421111111222211211212121111
6616111141, 227. edixi E 1 19, 16.
ῐ11111ἱ6111 11 2, 51. edicto (551. neulr.)
1 1, 239.
ediscit E 11 1, 60. ediscere E 112,
edissere 113 306.
(2116661112, 67. ΕΙ2, 39. ddit=1
66611118, 96, 6116611116, 89. edendi
Ε116,212.6(111121116,6(116413
112, 214. editEI 12, 12.
[·de 117, 45. ede 1141, 10.’ 1,, 61.
6111361161 Α 3911. editior 1 3, 110.
edormit 11 3. 61.
61111661 Ε 1 15,¹ 22.
(111766 educere 11 Ι112. educet 111
18, 45.
eduiis 114, 43.
effertA 1111. 0191191110, 85.
6114316618, 30.
estractamE 117, 54.
erm 16111141 6666161117
32. effugiet 113 71. elingit 119
315. 7, 71.
effundi 113, 149 effusi Ε l 11, 26.
effutire A 2131
ege011110,11eges14,118.1}1
mmfflfflM,w.M.
1011127166 39, 60161611
1, 102. 111, 228. egenti 112, 98.
6616616611 1 17,.221.1
1136111112126.
63,61116.79.163,2,64,69119,
4, 39, 66. 70. 91. 119. 11.36 137. 5,
7. 30. 44. 48. 82. 101, 6, 68 (bis).
62,...,,,8711012283917,,2628.
42. 76. 10, 31. 37. 48, 76. 87. 111,
74.2, 100. 112. 110. 127. 3, 33, 62.
ΜΜΜΜΜ,6Μ
4 60 40,..,728096102.,820.
61,(1..71111,276,217,34,9,
10. 10, 6. 14,4, 10. 15, 42. 16, 32,
17, 19’ 19, 23, 3237 ,119. 45. 111,
111. 250. 2, 84. 199. ⁰435. ⁴2. 55.

' 87. 153. 234. 272. 301. 361. 409.

612, 110,4,87 6, 73. 114,.6411
10, 1041. 11,10,

6111611111 3 122.

661161 isi 116, 16.

410, 450. 1111111 1 l, 66. 2, 125, 3,
13.19, 71194, 139. 4, 104. 134. 142,
11, 7111. 78. 6, 48. 50. 64. 69, 80. 81,
97. 100. 161. 107. 119. 7, 36. 8,17.

 

