11111111 1111111111 239

27. 67. asperioribus 111 24. 63. 11111111113,46. 1117,22.111114.59.

asperrimus Ε 6, 11. 11111111111 4,11. 11111111 Ι 1313. 111-
11111111117, 17. Ε 9. 16. 1111111 111111111125. 192211111111113436.

19. 8. · 11111111111.21.1114.6. audientem
Α1111111Ε13,13. 12.27.111111111113,13.1111111111
assidens 11 1. 19. 5. 95. 22123.11111111111111312. audiar
Assyrii III 4, 32. Assyrii 11 11. 16. 11125. 4. audiendum 1111 2. 45.
111111 11124. auditum 11 l. 31. 1111111111 124. 14.
Asterie 111 7, 1. 1111111111 1. 3.
1111111111 17,22. astri 1116. 61. 111111 Auentinum (1369.

11121,24. 27,31. numa. 1: 1111111 11111111 11. 7.

17. 41. Auernalis 1². 5. 26.

111 18. 7. 28. 23. 31. 18. 35. 25. 11 9. 11111111 11 16. 18. auersam 114. 19.

13. 18, 9. 111 7. 22. 112, 29. 3, 19. auersos 11113, 19.

6, 1. 23. 1111111111 16, 16111 12. 7. 1111111111
1111111111 1. 1. 5. 96. 1111111111 11 16. 29. E 5. 66.
111111111117. 11111, 18. Ε 8. 3. 1111 11161111111311. 19. 1111 14, 25. sufi-

11 16, 2. 111 1. 40. 1111112313. 111111 1111 9. 2.

strum137.27. atr0E 6. 15. 17. 1111111112.32.11117.12.0361111811-

31. 1111111 29. 43. E 16. 9. 111111 ris 111 16. 11. 19. 16.

1111 11, 36. 11111113. 16. 1111111111 Augustus 1111. 11. 6. 3. Augusti 11,

13. 34. 11114. 13· 1111111114. 17. 9. 19. 1111243127. 111111111111
311111111134, 11. auidus 111 4. 58. 11111111111129. suisli
Δ1111111111111 31, 14. 111 23. 4. auidum 1 213. 18. 11111111
Δ11111111116. 1. 13. 11. 1111111111 1111 7. 19.
1111111112. 1. 59. 8. 4. 9. 6. 12. 49. 18. 1111111127,16.111112311119. 2.

10. 21. 15. 25, 18. 2313. 3311. 34. 53. 11111 115. 5. 11111 11226. 11111111

4. Π 11), 21. 18. 37. 46. 111 11. 13. 111 1. 26. 1111111114. 2.

1111114. 16. 9. 40. 111411, 19. 11111111 12. 43. 1111111 111369. 111ιί-

6, 21. 54. 7. 3. 8,]1. 15. 5.17. 16, tis 137. 6.

19. 17. 4. 12. 18. 111111· auiis 123. 2.

1111111123. 9. Π16, 49. 7, 9113. 67. 1111111 11131. 11111111111.16,1111-
Atrides 114, 7. Atridas 1 10. 13. 1111 1111 6, 16. 14, 36. 111111 1297.
11111111 111 l. 46. 11 10. 11.

1111111 16, 27. 111 13, 9. 11111111 11 arrianis 11129. 15,

1. 21. 11111111 11 6. 18.
attagen E 2. 54. ' 11111111 auis 111 6, Ι’16.

Attali Π 18. 5. 111111 1 2. 48. 11 3. 24. 111 29. 64. 1111
Attalicis 1 1, 12. 2. 2311 15. 9. 1111111113. 11. 111 2.
1111111111 34. 13. 29. 11111111 22. 18. 1111111111 4. 8.
atterens 11 19, 30. 1149, (3832. 11111111111123.4. 111-
Atticis 1 3. 6. 111 1 29. 3.

attinet 111 23. 13. 114, 17. 1111111111 111111111113. 17. 1111111111 11 18. 1.

19,12. Ε 1661. 17. 41. 1111111116. 5.
attigit 111 3. 19. 11111131 59. 111. 19. aureo 11 1326.
attonitus 111 19. 14. 19. 29. aureos 1111 2. 23, Ε 9. 21.
1111111111 18,26.111.33. 111111 1111 aureis 1 31. 16.

3, 37. 1111111129. 61. 1111111111 auriga 1 11126.

2. 1. 11111111111111211. 111111 111111 111332, 1167, 111111 11 1.
111110112362314.1111146. auctore 111. 13. 33. 1111111 11 19. 3. 111 11. 11.

1113. 66. 17, 5. (13 72. 1111111111 1 27. 111, 1} 17. 63.
1111111113.25.27. 12,21. 111466. 1111111111 1211.

27, 28. 1111111111118, 13. audacis 1111111131. 6. 1113. 49. 16. 9. 2448.

1111111. 11112. 39. 914. 111111 11 16, 3. 18.
11111111117,6.0859. 1111111111 11124, 36. 111 3. 23.

28. 1111113123. Ausonias 1111 4. 55.

1111111123. 6. 111 10. 5. 22. 3. 27. 51. auspex 11127. 8. auspice 11,·11.

 

