1111111 1111101111 297)

ir ediae111,t. truncus 11 17,27. truncislllti, 11. ·
1111 1111114,2. Π18,8. Π124,10. 1111, 55.
† trahentis *trahenti 111 5, 15. true truci 1 3, 10. 112, 5. truces Ε5,4.
1111011011113, 15. trahentis E 2, tu 1 2, 33. 7, 17. 9, 10. 10. 17. 11, 1.
64. traheret I 15, 1. 1101011111 2, 12. 51. 58. 59, 13, 1. 14. 15. 15, 29.
34. traxerim E 14, 4. 24, 11. 28, 23. 29. 13. 116, 22. 8. 5.
trens18,11.11115, 10. 9, 9. 12. 9. 21. 18, 17. 19, 17 (bis).
1111111111 Ι 30, 4. 11011101011) 15, 23. 18. 21. 1119, 22. 11, 3. 13. 13, 10.
transfuga 111 16, 23. 13, 16, 38. 20, 9. 21, 2. 13. 1417.
transiliunt I 3, 24. transiliatl 18, 7. 28. 11. 29, 25. 1111 3,1. 8, 4. 11, 21.
111111010111129, 51. Ee, 9. t1,21. 12. 25. 136. 15,(1.
1101110111111113, 9. 17, 33. 40 (bis). 45. 56. OS 15. tui
11οω1111114. 5. 111-11, 1. 1111113. 5. 11, 1. 12, 50.
trecentae 1111, 79. 13, 9. 14, 9. 17, 14. 20, 4. 7. 24. 10.
1101111123, 8. 11010111111121, 19. E 25, 3. 13. 28, 4. 28. 29, 5. 33, 3. 11
5,11.1101110111111Π27,23.Ε 10, 8. 4, 1. 17. 5,10. 14. 7, 20. 8, 1. 17. 9,
tremendo 1 16.11. 1101001111111 10. 16, 31. 34111 7, 1. 22. 9, 1. 11,
6,7.1101111111111011112,15.110111111- 15. 38. 12, 5. 6. 13, 0. 18,10.14.
(1011111411. 2117. 27, 71. 29,1. ΠΠ6, 5. 8, 9.
tremulo IIII 13, 5. 9, 3411, 14. 13, 13. 14, 341] 5, 77.
tre 111111 19, 5. 111111, 32. tropi· 8, 3. 20. 10, 16. 11, 12. 12,1. 22. 13,
111 1111 11, 11. trepides 11 11, 4. 15. 15, 20. 17. 19. 49. 10 (neeis.)
1101111101Π127, 17. 1101111101οΠ 3, 12, 47. 3, 1. 4, 16. 5, 1. 7, 19. 10,
12. trepidauit 11 1, 23. 11. 9. 12. 21. 23. 14,1, 15,24, 27. 18,
trepidis 1112, 5, 0 (bis). 11. 23, 9. 26, 12. 27, 14. 21.
1111111001113.161148111111119, 23. 28,1.31. 33. 34. 35, 5. 69
15. tribue 111 19, 11. (bis). 17. 21. 38, 6. 114, 13. 3, 6. 5.
tribuitln 4 1111131. 7,3.15. 81111. 113. 13, 1.
tribunosst'.21. 11.·11. 101135. 111111. 111,
111101111111122, 4. triformi 111, 23. 99· 1113· 13· 9. 5· 7. 31- 19, 11· 19·

111111,11,ξ1·1“1111 tt 1.‚⁴t..41÷..¹1·.⁰2.›1,⁵13 1112:

triplex 1 3, 9. 111. 62.. 29, 5. 1111 1, 8. 19. 39. 40.
tripodes 1111 8, 3. 2, 19· ⁰3· ὅ· 3213319181· 7. 23111101.
111111111111111, 10, 6. 12, 22. 13. 10. 11. 14, 41. 42.

tristi· 1 10.10. 11, 13. triste 11 13, 1111165157 ,11111116111111151

.. ,, .
91111111·11119919 11-,111111111 ,1 eget,
3, 14. 7· 91· 911911 1⁶· ‘²⁰- ¹¹¹ 11. 11. 30, 1. ’1. 31, 1, 11 1ζοῖ 111 e,

⁴24⁸· 111111). 1111111. 0, 10. 11, 10.
tristitiam 1 7· 18- 19· 1· 11. 33 (111). 11 1, 1. 8. 4, 1. 1. 1,·1.
triumphales E 8, 12. 11, 111,

1111992999 m 3, 43· tubae l 1, 23.
’1711119111191111 ⁸2· 49· 5⁰· Ε 91 ‘3¹- ‘33- tuentur 1 17. 13. 111010 CS 14.
triumphus 1111 4, 52. triumpho 137, ’11,,11υ 111 g, 11,

32.Π1. 16. 4, 7. ΙΙΙ 1, 7. trium· ’11,,1111111111,1,.·,Ι

11110111· 49· 35· ⁴· 11001115. 10, 10111110. 11110,
triumuiralibus Ε 4, 11. 111, 11112, 11,Ι
1709110 11124· 97· tumet 1 13, 4. tumentibus 1} 8, 9.
Τ70189Ῑ31 14· 19115- 1113·611·91· 11111141111113,48. 10101110111113.8.

1111 913· ’11018111 1111 15131· 11911· tumultuosum 111 1, 26.
2101811128. 11. tumultus E 5,3. tuinultum 111 14, 11.
Troica 1113, 32. ’11010016 tt. tumultul 16, 12. 11127, 17. 1111 -Ι,
1101100 110, 16. 11. tumultus 11 11, 10. 111 10, 01.
tropaea 11 9, 19. tune 11 17, 17. 74.

Troe Troas 11116, 15. tundit E 17, 55.
truditE 2, 31. truditur 11 18, 15. 11111111 1 t, 13.

 

