1111111 1111101111 257

3111111111116, 3. 111110111111111111. 311-
3111111111123, 64. 3111111111 1111 7. 5. 11111111113311.
3111111111Π24. 43. 311111111116,1. 311111131311. 311111111111. 11,
gene 31111111 1 14,6. gemens 1111 12, 4. 111 20. 1. grandin 1 6, 9.
6. gementis 1110, 14. mando grandinis 1 2, 2. grandine 111
31111111Π10, 3. 31111113, 6. 1111 1, 29.
1, 34. 3111111Π113, 3. 311111111124.
(11111110111Π14, 10. (1111111111 19. 16. 11111, 6. Gratiae
31111116, 13. generum 114, 13. 1 1, 0. 30, 6.111 21, 22.
3111111122, 16. 311111111112. 17. 31111119, 22. 10, 20. 12. 31). 111 (1.1.
101011011111303111101111113121. 3111111 19, 132. 14.111 11. 6. 1111
enitens OS 16. 11, 23. gratum Ε 3, 3, gratae 1111
31111011237. 6, 21. 3111111136,1. 111311.
(101110111Π117,14. 3111016, 3. 1111123. 31111111.
gene 11, 26. 11114. 63. 1111. 3111· 1. 33, 14. 1111 1123. CS 23. 311111
111 1 12, 43. 16, 22. 11Π 6. 2. genti 111 29. 13. gruterum 1111 13. 22.
116, 11. 1116, 63. CS 47. gente 11 31111116, 11. 31. 6. 1111223. 3,
3, 23. 3111111135,10. 1113, 20. 1. 311110111116.1.
3111161113, 23119, 21. 31111111 31111111111111,21.
2, 6. 31111111 1 22. 3.
31110111 13. 4. 3111311123, 8. 31111111116, 17. E 1, 6. 12, 6. graue
31111112, 9. 36. 3,21.14,13. 111. 12, 6. 311113111311111111.
1311111133. ΠΙ 6. 13. 11, 4. 6. 136. 116,6. 31110111238.
19,3.1111‘1,23.14, 10.114,6. 6,2. 1111111111, 14. 31101112, 68.
(11111111111116,26.Ε16, 1. 16,17. 11133. Eme. 11,2.
3111111111] 16. 46. grener 11, 22. 1111 0. 3. 11 11. 26,
gero 30111 ΠΙ 6, 6. 21, 2, gerentem 3111111 Ι 4. 7. 16, 10. 11 1, 3. 111 3,
11114,13. 3111111114,67. gesserit 30. 1111322. 3111111111116,4.
16, 4. grauiore 11 10, 10.
Geryonen 11 14, 3. grex E 16, 60. 3111311111 13, 3. gregi
31111011116. 24. 311111111112,16. 12113. 311311131662. grege.
gestiens 1113, 64. 131, 2. 111 12, 16. 23. 21. B 16. 31.
geete 31111118. 10. 3111111136, 13. 311 1111 16. 33111 1. 6. B 2. 12.
Getae 11111, 11. 1111 16. 22. (11013111 11 16. 7.
Giganteo 111 1, 7. gruem 112. 36.
101311111114. 111360. (113111- 311131111 133.
tum 11 13, 22. 3111111111 3, 2. gutturi 11 17, 12.
gigno 31111111110,12. genitielll *(111111 17, 14. 111 4, 00.
24. 30. Gyges Π 6, 20. Gygen 111 7, 11.
3110111 11 0, 6.
3111111111 10, ’1.
3111311111 6. 33. 31111111 E 16, 66. ΙΙ,
glorie 1 13, 16. 310111111 26, 2.
1011111111111, 23. 1111101127,11.111113,13. 1111111111
13111111136. 30,3. 33,2. 111 1, 13. 2, 31. 16,23, 1111111123,
13, 23. 3. 1111111111 H 11, 31. habebit 111
Gnidim115,2⁰. 26, 4. habuere 11114, 43. 1111111111-
θπίιὶω11111111130,1. Gnidon 111 11111116. 2.
2313. habilis 111 10. 21.
111101ίί1 16, 17. habitabilis 1111 14, 6.
3110111116, 1. habitanda B 16, 13.
1111111113, 11. 33. 3111111136. 2. Hadriae 11, 16. 33, 16. 11 1-1, 11. 111
neore 1 11, 111111, 31. 11. 11, 11. nannenten. mene.
’ (111100 11124, 61. (1111131 20, 2. 1111111110 1 16, 4.
Gragi 1 21, 3. Π111111111 1 11, 0.
(1111111 10, 12. (1111111110,33. Haedus Haedi 111 1. 23.
Graiorum 11118, 4. (11111114, 12. 1111311111 18. 5. E 2, 60. haedo 1 4,
3111111111 116, 30. 3111111113, 6. 12.1Π13, 3.

1011111111 1. 17

 

