w)

lunnx vunssonvu

44. 50115137,26.115,24.11.11. usus 111 1, 43. usum127,1.1111,1.

111 11, 21, 11110, 43, 5011515111,
20115, 4. 93.

uolubilis 1111 1, 40.

uolucris 111 28, 6. 111113, 16. 11 17.
24111511). uolucreml 34, 8. 1111
1,38.

uoluntas 1 27, 13.

noluo uoluere 11 9. 22. 1111 6,40. uol-
uentis 111 29, 38. uoluitur 1111
Ι 5522252515 11 2, 63. uomere 111 13. 11.

1166121,5. 9. 1114,29. 37. 41. 14,
10. 1116, 39. CS 25. 50511589.

07, CS 49.
uotiuum 11 17, 31. 551155 Ι 5, 14.

usu Π 2, 4. 661'161113, 51.

utsp.eompur66116)l7, 15. 8. 13. 9.

1. 14,3. 16,9. 23,9. 115,19.
1111, 42. 5, 42. 7,13. 10,7. 25,
12. 11114,57. 5,9. 14, 29. 111,
19. 33. 34, 2, 2. 4, 9. 5, 9. 27. 83. 6,
16. 9, 7. 12, 25. 14. 3. 17, 77. ut (p.
temporalis) 11114. 42. Ε 3, 9. 5, 11.
7. 19. 16, 64. ut (p. mirantis uel in-
diqnuntis) 1 11, 3. E 2, 19. 61. 16,
31. 53, 17, 56. 59. 5115. conium.)
11, 13. 15, 4. 20, 5. 37, 20. 27. 111
1, 9. 4, 17. 18. 111111, 13. 29, 13,
26.Ε1,21. 25. 29. 7, 5. 7. 9. 8, 19.
10, 3. 11, 16. 17, 64.

1101611112.66. 8, 34. 13,1. 117, 9. utcumqu6117,10.35,23. 1117,11.

mmm6m66mffiu
suumn

noueram 111 8, 6.
uox 6061111112, 46, uocem 124, 4.

1114, 29. 11114, 35. E 17, 52.

, uterque 112, ll. utriusque 1118, 5.
utrumque 11 13, 29. 17, 21. 11110, 3.

16, 56. utramque 11 17, 8.

uoce 1 10, 3. 11, 1114, 3. 1111 11, uterus utero 111222.
36ss5, 45. 6, 9. uoces 1117.‘2‘1. uti (p.compuruu'uu)115,29. 11115,

uocibus 11 2, 21. 11116, 26. E 5,

76. 17. 6. 78.

16. 11116, 36. 66, 9. 61. 1160..
finnus) Ε 5, 37.

urbsE7,10. urbis 11112,41. urbi utili 1111 9, 41. utilem112, 42.
1112555119. 9. urbeml2, 4. 7, utin111ul35. 38. 116, 6. 111 ‘17,51.

5.1116,14.F. 11. ι. 16,11.17‚ 59.

11115. 37.

OS 39. 5555111512, 8,17. OS utor utin 2, 20. 1111 9, 48.
1111166113616. urbium 11116, utrumneEl,7.

13. 24, 27. 11113, 13. urbibus 1 16, uuae 116, 10. uuam120, 10. 112, 20.
18. urbes 11 20, 5, 1114, 46. 1111 uuis 116, 20.

4,42.56.15,2,20. urbibus Ε 9, 29. uuidus 11 19, 18. uuidi 1111 2, 30,

urges 110, 9. 18, 20. urget 1 5,2. 22,

555115 5, 55. 6666 1 5, ιι.

20. 24, 6. 111 27, 57. E 17, 25, ιιι·- uxor 11 14, 22. 18, 28. 1113, 67. 15,

gent 1 15, 23. urgentur 11116, 27.

6)
61:12310110616111'11', 16. 11,‘1·2.

urourit114,8.19,5.7.urereEll,4.uru·
1011111 519. E 7,6. ιιιειηῐε ΙΠΙ 4,
31. uret 1 15, 35. uror 1 13, 9, ure·
1111: 14, 13. urimur 1 6, 19. uran-

1. 27, 73. E 2, 42. uxores I 17, 7.
11121, 21.

uxorius 1 2, 20.

x..

turE 16, 56. uri 111 7, 11. 6110ss huminum

10, 13. 6616ss 9, 8.
ursus E 16, 51. ursis 11114, 18.
1151151511 20, 1. usitatis Ε 5, 73.
unquam 11 13, 9.

11511112ιὶ445 1616411181'721361 144544

ad 1: 1, 13.
vatican 1 17, 11.

Xantho 11116, 26.

Z.

Zephyris 111 1, 241111 7, 9.
5511511127, 59. 6011161 30, 6.

n ..m—

 

