298 4441144 4111144444

44144128, 16. 4114111124, 44. Ε4, 7. 4601611110, 14
uta 1114 22. 117,.8 4411444444116, 44111141111165.

7. 4414411112, 11. 1117, 29. 410111111130, 10. uiolenterl ‘³ 1,1.

mator 111 4, 32, 1101111164111718

4411141446 ΠΙ 24, 16. uipera 44151411 1114, 17. 116, 15.

uicatim E 5, 97. 16, 52.

4411144441ΗΙ7, 23. uicina 111 19 24. uiperinus113‚6. uiperin018, 9. 11
111111442644.14141111112939. 19,19.

41116141414111588. 44111141. 1ΙΙΙ ,11,1715, 95 1111, 9 19, 15 1511
1413 Ε13· 8· 11· 11 1111111 18· 1117111124 11. 441, 44 41, 14 ui
81·111111311111··3 rum1141111414316814

1111111111514· 44.14,41.44441,11.441141141.

44441441111324.1112312, 4411114416 1111 9 19, 9 11, 46. ,11,-117 31
11 11 1311111111111· ³0 niror11m13'1, 10. 1117, 11 4444,

1111101133 111144· 311133 3· 22. 08 70 4414111159. 44140111
441434. 1116, 11. 4411104144411113 1 1

31ν34333313033333μ33333· 1141612134 1141444317, 33. 441·

1111101311333333333133· 111411111136. 1141441119,17.

,, 99·

114,7. uidet OS 65 4416141112,
62631614 11611119,2.,1116
21(1111).443ἰ(11113,19.111929111
27,32.11114, 16. 44141144444112, 13.
11 13. 22. uidere 11114, 17. 4411111414
11113, 2. 10,6. uideor 11 1,21. 111
4. 6. uideri 1111 2, 59. 13, 3. uisum
(est) I 3410. 441444 1111527. uisum

441644144144411 9, 8.

uiduus I 10,11. uiduus 1111 6, 30.

’441496110,18,24,16.

114911161114, 72.

uirgo 112, 22. ΠΙ2, 8. 6,22. 11, 35.
4149111111116, 6. 441451441114, 8.
11139,9. 441451441112, 27. 4, 20,
21, 1118, 23. III 15, 5. CS 6, 4414·
1114411· ’1 1
,., . . 4444 4 us
14, 41. 444 4,4. 14444, 1133

Virgo 111 22, 1.

.. 144444444: 44

111113 33· ¹⁸· 1111113313· 143. 6. uiridis 1 17, 8. 111 11, 10.
1111311313 8· ¹4· 1311311133 ¹⁶2 3· uirilis 41, 41. 1 10, 17. uirilem 111
7419110 111g1lans 111 .7‚ 38. ὁ, 43,

uigor 1111 4,- 5, ,
44111111127,67,11111291. 1111111111· 11· 111619· 1111. 21.

4411144111, 29. 441116Π3,18. uillae 33 11114 31· 335 3333516.
1112235, 16, 6, 39. 1111111111124, 44. 4414-

14114114444431.144111114113.1311313331·1111113133·

141141444444414111911441414.111111111111111-1111111114

331313 311111113313113,,,1,31,3,ζ311311 4411111113, 41, 4441, 17. 14. cs 58.

44. u1neor417,47. 111110111114 441111132017 6. 1114. 65. 11118,
59 u1et114111141411116,4112 9.,,,.11415181)6,,946,.,6713.
9 97 4144411147. .3ss ,11517917 441444116,16.1114.66.134,15 28,
752 44111143, 67. 21, 1811112122, Ε

4441144414444411.1444441211.811111111181361

17 79 4411111114, 8. 11128, 15 4611411120,
771112110111114 45 148 14. 44441131. 441114112817.
uindex 11119, 37. 441444111144411116,2Ι 35 ῙΠ3 51 llll 13, 16· CS 12 441·
uineaE 16 434 1117107701111 99 1111141116,1.441113446444Π14,17.

ui71111 151119 10 1611017 31 4441111118 14, Ε1,5. 17, 63. uitae

44444414141441114441111118 111 ⁰³941111'2
141114414414144411 1111

18. ι 21, 8. 11116, 31 12 16. 12 441410111110,21 44111111144444111638.
11131161). 4414111111,14.23,6. 4411144131, 10.

 

