246 mnnx 16666616

credulus 11. 9. 6161611111, 8. 1111 4, 29. 9, 24 (bis). 21, 1. E 1, 8. 1,
1, 30, E 16, 33. credulum 1117,13. 2. 9, 3.
6166161611114,63.6161661661117,79. 6616(6611ι’6111661.)12,7. 13, 1. 18,
creo creantur 1111 4, 29. 10261329,13.117,11.12,26.17,26.
0166611616, 64. 1111. 60. 6, 29. 18,10. 20,6. 27,
crepet 1 18, 6. 6166661611 16, 48. 71. 29, 40. 1111 6, 40. 14, 27. 112.
6111111111, 11712611 1, 13. e, 11,16. 11. 11 51111 11. 616191ἓῖ11 611
1111611. 11128. 61666661111 16661.)17,2216,1. 20, 4. 33, 13.
16, 36. 24, 63. crescam 11130, 8. 11 19. 21. [1124691111 7, 21. 10,
crescentem 111 16,17. Π116, 38. 2. E 6. 36. 39. 8, 3. 12,18.
616611 11114, 46. 62. 61666161111 6616666113, 28.
16, 14. cumque 16, 3. 7, 26. 9, 14. 16, 2. 27,
0161166136, 10. 14. 32, 16.
6161611 12, 10. cunctantem 1111 6, 11.
01616161] 9, 29. Creten 111 27, 34. cunctus 666616 ΙΙΠ 11, 9. 6666166
01666661262. 06 73. 66661611 1, 23. Π11, 8.
crImiuibus III 7, 14. 11117, 19. 9, 38.
criminosis 1 16, 2. 1166666136, 18.
crinem 111 14, 22. 61166132, 12. ΙΙ cupidinis 111 24, 61. cupidinem 11 6.·
12, 23. 611666 (6666611 1620. 1111 9. cupidine 111 16, 39.
6, 26. 9, 14. Ec, 16. 6116161119, 0661661234.118,14.16,16. Cu·
20. ΠΙ 4, 62. 1111914. crinibus pidinisE 17, 67. Cupidinem 1111
1 17, 28. ΙῙ 6, 24. 13. 6. Cupidinum 111, 1. 11111, 6.
Crispe 11 2, 3. cupidos 111 14, 26.
61666ᾱί1111 12. 11. cupientium 111 16, 22.
crudelis 1111 10. 1. cupressus 1111 6,10. cupressi 19, 11.
crudus 61616111 11,12. 6166661186. cupressos ΙΙ 14, 23. Ε 6, 18.
61666161112,11. 6166616612, 30. 66118, 2. 3. cuspis). mu· 88, 3.
61666161114,13. 616661611816. 11 11, 13. 17,1. ΠΙ 1, 46. 47. 19,
61661 Ε 3, 6. 7, 20. 616616 Π 1, 36. 18. 20. IIII l, 33 (bis). 36. 10, 7.
13, 7. E 17, 32. 61, cruoribus II 8. 11 6, 61. 7, 1.12,2. 14, 1.
1, 6. 6611111260. 14,18.118,8.16,22.
61611166 1120, 9. 61616Π 19, 32. 11 11116, 17. 1111 14, 1. Cure 111 1.
4, 4. 40. 6616611937. 6616611114.
666111111116,16. 666111631212. 76. 11,36. 66161616 61111, 20.
16, 38. cubilibus Ε 6, 69. 66166 17, 31. II ll, 18. 16, 11. ΠΙ
6611116127, 8. 8, 17. 14, 14. 21, 16. 11 2, 87. curin
ι·66666661113,22.12,6. cubantis 12211.
117, 11. 6611111116. 7. 66116611 1, 14.
culpa 11114, 34. Ε 7, 14. culpae 111 curiosusli 17, 77.
6,17. 27,38. 66166611116,24. 0611616112, 41.
6616111612. 66166611114, 36. 6616138, 6. 661661Π29. 26. 66161
66166611111, 29, 111116, 11. 111, 26. 13, 39. III 5,30. CS. 71.
culpante 1111, 31. culpari 611616. 1161611111 6, 28. 661616 11 16, 26.
661161134, 1. 76, curubis 111 17, 16.
cultura 11124, 14. 6611166161 1, 3.
6611661816. cultris 11114, 34. cul· 661111 ΙΙ 6, 13. 661166128, 36. cur-
1111 1 10, 2. 11 16, 20. 11119, 16. 1666116, 28. 6611661611110, 10.
66161116 131, 11. 6611616118, 47.
6666166666.)11,31.12,44.17,23. 6611616134, 8. 66116112,68. 22,
18813.19,16.24,4.31.19. 33, 21. 1116, 44, 11113. 6. 089. 661-
12. 34, 16. 36, 27. 37, 3. 116, 8. 7, 1116116, 12119, 22.
6. ΙΙΙ 1, 36. 3, 24. 17,16. 18, 12. 13, 6616116611111 11, 10.
2οὲ 29, 3. 21. 36. 30, 9. 1111 1, 26. 66166 08 40. 66161616, 7. ts. t.

l. 16, 27. Ei, 8. 66116611124,64.
17, 37. (suffic.) 1 7, 31. 30, 6. 32, 2. 661661111 10, 16. 6616116116 133. 16.
11 1, 39. 6, 1.21.7, 1.9. 1112, 28. 66166166 11112, 67.

 

