ο mom VBRBORVM

nitescere A 160.
6111666111,64.61116616Ε14,16.
nitidam 113, 214. 611166 Ε17, 83.
611161 ΕΙ 14, 32. 6111616Ε116, 46.
60616116163113, 18. nitiA 280.
niualem 116, 26. niuali Ε 13, 3
niualibus ΕΙ 11, 18.
niueos 12, 80.
616616612106. 113
61666(666.)Ε17,10.
6011301614,120.
nobile 113, 243. nobile A 137. no·
1616163 '1 19, 39. nobilibus (661.)
66661 Ε 12, 55. noceat ΙΙ 1, 44.
noceant II 2, 72. 66666116 18, 22.
666616 Ε 1 13, 31. 6666661 Α 234.
nocebit tE 1 1, 28. nocuere 113,
411113,11.116661666111112,42.
mm11H3,w.

nocturnus 13, 117. nocturnam 1 6,
36. 66616166114, 62. Α 263. 66
616166 Ε 1 13, 11. nocturni 116,
100. nocturnos Ε 1 18, 93. 112, 73.
209.

nodosi 113, 70. 666666 Ε 11, 31.
nodus A 131. 6666 Ε 11, 30.
1101111112, 3611011614, 140.Ε11,
31. 11011112, 5. 16166. 11403.
nolint 11, 13. 2, 28. 6611 ΕΙ 16,
63. 13, 23. 661116 Α 427. nollem1
6,97.99. 661161611111. 111,
{53 66166 Ε 12, 34. 7, 26. noluit

,234 6, 41.

6666666
mmmmmmmm.
6666166666
mmmcmmwmm
6.66166666
6.6666ω646

· mmmmmfflnmm

666666666
66666666666
mmmmmcmmm
6666666666
6.66666666
666666666
3Μω6666666
666666666
666666666
666666666
6666666666
6.6Μ666666
mmmmmmmmm
wmmwmmmmm
rmmuwmmmmm

·m1mmmmmmm

122. 132. 143. 149. 182. 196. 202.
219. 234. 264. 267. 263. 208. 281.
290, 292. 294. 297. 298. 303. 308.
mmmmmmm
†mmmc

nondum A 266.

6066612, 111. 116, 42.

nonies 11066117,118.60661111066.
61666.) A 388, nonam 1} 1 7, 71.
6060 (masc.) 16, 61.

661166 A 72

661666811141. 6400. 66161616 11661343. 66. 4, 41. 6. 6. 118, 27.

14, 44. 666166 1 2, 126. 3, 42. 11
1, 60. 3, 47. 4, 10. Ε 16, 16. 7,
93. 16, 12. 11 1, 16. 1159. 263. 299.
6661161611, 63. 2, 66. 3, 3. 112,
133. Ε I 7, 55. 16, 31. 6611116612,
163,104.Ε10,60.1168.234.
nominibus E 111,106.
Nomentanus 11, 102.118,23.26.
60. Nomentano Ι 8, 11. 116166616-
num 11 1, 22. 3, 176. 224.
nomisma Ε 11 1, 234.
mmmmmmmmm
97. 103. 121. 2, 17. 20. 22. 34. 38.
49. 00. 76. 119. 3, 5. 33. 44. 02.
1Ή66666666
82. 84. 114. 136. 6, 33. 80. 87. 91.
101, 6, l. 14. 21. 22. 24. 49. 62. 68
mmwwmmmmun
7, 14. 19. 34. 8, 17. 44. 9, 17. 19.
22, 23. 41. 48. 67. 10, 3. 7. 34. 64.
66616666666
66. 89. 102. 106. 113. 116. 120. 3,
1. 30. 00. 69. 106. 136. 139. 168.

nomm 11 8

34. 67. 93. 11 1 2, 27. 8, 17. 17, 5.
563. nostri Ε 1 3, 12. 13, 4. no-
strum 11 1, 23. 7, 47. 6661611,
62. 3, 22. 4, 161112, 18. 3, 29.
166616666η66
6666616ᾙ666
666Μ666661
89. 227. A 108. nosmet 13, 67. 10,
66. 66616 1 3, 67. Ε 11 2, 66.

6666616 Π7, 83. 14426. 666113,
22. 39 112, 113 3, 26. 6, 34. 31
18,1. 6661111Ε16,67.10,14.
nostil3, 1286, 161131881
2 23 66611Ε13, 6. 661616 113
26. 6611613, 7. nosse 11 8, 13. 666-
661 13, 62.

666161 11 6, 48. nostrum 11114, 31.
nostrum I 10, 68. E 11 1, 82. 66-
6116 1 10, 30. nostri A 286. nostro.
1111 1, 201 Α 63. 6661101616111
4, 1. 6661116 Ε 11 1, 13. 6661166 Ε
11 1, 226. nostros A 388. 666116 Ε
Π1,83(616).666111611,63.

28

 

ffl ·

