Ἇ8

deformis 11 13, 18.

defunctum 111 24, 15. 26, 3.

661666 1161, 34.

degere 1 31, 20. deget 111 29, 42.

dehine 11 16, 65.

6616611 1111 14, 13. deiectum Ι 2, 15.

Deiphobus 1111 9, 22.

delabentis 11129, 35.

(161661661 Ill 27, 62. ΙΙΙῙ 12, 11. 66-
laetabere 1111 1, 23.

delenit 111 1, 43.

6616611 111 6, 14. 11119‚1o.

deliberata 1 37, 29.

delibutus 11 17. 31. delibutis Ε Ι113.

deliciorum 1111 8, 10.

delicta 111 6, 1.

Delius IIII 4, 64. Deliae 11116, 33.
Deliis 1111 3, 6.

Delli II 3, 4.

Delmatico ΙΙ 1, 16.

Delon 111, 10.

Delphied 11130, 15.

Delphos I 7, 3.

1161611116 ΠΙ 5, 19.

6661661616 111 19, 23. dementis 137, 7.

dementiis Ε 11, 45.

66616166111 16, 13.

INDEX VBR‘BORVM

80. 6661661111 124,1. desideriis 1111

6661111 Ε 16, 48. 666111661 111 13, 16.
(1661111611 11, 10.

666166 1 23, 11. 119, 17. 111 3, 10. 15,
41111 1, 4. desinetE 11, 18.

desipere 1111 12, 28.

desisto destiti 11 11, 5.

desperandum 17, 27.

despice 111 7. 30. ,

destinat 111 13, 5. 6661166161118,
30. 6661166116 11 7, 20.

destituit 111 3, 21.

6661116166 111 1. 17.

desunt 111 16, 46. 18, 6. 6661111 1,
10. (166161 136, 16. defuisse 6611.

detergit I 7. 15.

deterioribus 111 5, 30.

detero deterere 1 6, 12.

(16161161 1 16, 10.

6616616116 E 5, 89.

detester 6616616161 1, 25.

(16116611 l 33, 14.

detorquet 11 12, 25.

detraxerat E 9, 9.

deuexi 1 28, 21.

dous 13, 21. 18, 3. 21, 22. 34, 13. 111

(16611111111334, 1111, 35. demisit 11,,43, 61166, Ε 11, 13. 13, ’1, 11, 6

11114, 10. 6661166611111. 11. 66-
missum 128, 11.

demo demoroI 1, 20. 66616161 111 6,
42. dempserit 11 5, 14.

6666161111 1, 28.

deneges 111 16, 38.

denominatos ΙΙΙ 11, 3.

6666118, 3. 6661611312. 118, 3.
1111 3,16. 4,16.11 5, 41. 6, 15. den—
tes 1111 13, 11. 66611611120, 10.

densentur 1 28, 19.

densos densa 11,20. densum 1113. 32.
denso 11 7, 14. densis 111 5, 31.

depello depulsum 11114, 15.

666666 I 27, 18. 11 7, 19. 6666661111

6661661166166 I 9, 11.

deprome 1 9, 7. depromere 13⁷. 5.

deproperare 11 7, 24.

deripit E 5, 46. deripere 111281. Ε
11, 78. dereptum 16, 23. derepto
1115,21.111116,1.

66116616111 6, 19.

(bisi. 66615, 16. 66661 1123. 111
25. 19. 1111 8, 8. 12,11. 66611116,
8. (11111,2.12.31.14,10.11,13.
1114, 666, 7. 1111 1,18. 13111116).
6616111. 66616161 10, 5. 19. 12,
rt. 28, 7. 34, 1. 35, 31. 31, 3. 11 1,
25. 15, 19. 1113, 36, 11. 6, 3. 21,
50, 11112, 131 4, 2. 9, 41. 115,1.
94. 15. 3. 66616 ΙΠΙ 5, 32. deosI
1. 6. 5, 6. 8, 2. 24, 12. 36, 3. 1118.
mmmemmmmmm
4, 48. 15, 28. OS 13. 61611,30. 11,
13. 31,13. 111,4. 11, 2. 1114,
20. 6, 5. 16, 22. 1111 6, 41. OS 7.

deuictus 11114, 39. 66616116 129, 3.

6661611111 11, 21. (16616 ΙΠ 25, 12.
666166 l 17, 6.

66666616 E 17, 5.

66661611 ΠΙΙ 2, 11.

(1666161114, 21. 23. 10. 666611 E 16,
9. 666616111114, 18.

dextero 11, 3. E 7, 10. dextri 11 17,
29. 111 3, 52. dexteras 111 19. 21.

deseendot1111,11. Ε2, 53. 66666666 dextras 1111 4, 21. dexteris 111, 1.
1114, 1. 21, 1. descenderetE 7, 7. diadema 11 2. 21.

desectamlltl,15. , DianaIIII7,2b 115, bl. OS 1. 10.

‘deserit 11111, 44. 66661611129, 9. Disnoe 11 12, 20. 611, 11. 11 11,3.
6666111111 19, 10. 1112, 32. (18 15. Dianam 161. l.

desiderantem Ill 1, 25. (1166 ΙΙΙ 3, 58. (1161111112, 19. dici·

desiderinm 1 14, 18. desideri E 17, mus 1111 5. 38. 39. 61666118. 14.

 

