· 11116111 29..1.

238 murra 1111111111

Appenninus E 16, 29. Arcton 11 15, 19. Arcto 1 26, 3.

Appiam E 4, 14. Arcturi 1111, 27.

applicat (11172. applicet 111 11. 8. arcum 11 19, 19. 1111, 60. areu 122,

1111111111 E 11, 12 2. 29, 19, 1118. 23, 21, 98. 11116,

1111111119,16.111111111111161111- 31913086111111111111261.
111111111116, 16. 1111111111 17. 30. 1111111143. arden·

1111111111 12113 1111111111 26 1111111111 111111 111. 19111111111111111111 Ι111Ι

un 11 arsi
Aprilem 1111 11, 16, 9, 13. arsisti 1119. 9. arsisse 1114, 9.
1111111111 1Π 21, 69. 1111111111111 7, ardor 111 3,.. 2. 11 11, 21.

18· 11119, 37· 11161111331.1111111111124411111·
6166266227· 2 212666ῘῘῙ2 4· 1111113, 37. 11111111111119,21,11111111

11111111636.11111111117..9 1111111 1111, '91 ,1111811111 10 1131
12, 43 11111111111111119 10

11111119, 18. areis I 1. 10.
arente 11 14, 4. ι
111111111112ὗ1 1111 11, 6.

1111111111114111. 11316.
13111111111124 4.
Apulus 1116 9. 16, 26. Api uli 111114,

111111111ψ111ῃη

1111211331 371,.8 1111111111, 22. 11110, ’33121316ιέἷὲ616 13· 3666126· 6236228

19 16,29.17,12. 3911111111111 Argo mmmm
11119,.9 1111116116, 36 1111111111800111667

ΙΙΙ4,.8 1111319. 11226, OS
argui1E11. 19. arguens113‚ 7.
{Qfflfflfflwfflflwhmmmaumwn
1111111111 17, 34. 1111111111117. 13.
Eu. 37. arida 122, 16. 11 11.
6. 1111111126,19, 11111111. 11

aquilae 11114. 32.
Aquilo 111 30. 3. 11 19, 7. Aquilone
11 13. 3. Aquilonibus 1 3, 13. 1111. 3. 5·

aqffiogbbbti'uf'm. 111661. aquosa 332ὲί1133Θὲ 1313136111 ,1 1111, 19

116121301327 111111, 6. aram 111 21’2026’3'11119'44E9·¹3' ³³
1111111111, 19 1111111118. 19. 111

ussssffifflfflffffiff ᾸῶῃῶΜΜΜὶ
„ffiblag 1335' 40 armentum 111 3, 41. 1111111111 31,6,

11111111116,21.111611116131633
1111111111, 26 11111111626.114,13 1111111117, 87.

mmm‚9mwnmmmmmmfflwwwmm1
117 25 26, 9. 1111111111111114, 49.
arbitraeffl 50 1111111111111. 81. artem 11116 29.

1111111111111640. arbitrio 1112 62666126- ῙῙῙ6·6 066381·
20 arbltrla 11117 22 11111111111111. 8. 6132111111

mmm.555.mww5. ffl⁹³99999ffl
2911111111111183111611111113, 622·
1.1116,46.111111111111.39.1111ο·11161337 1111111116, 5.
11111111 14, 22. 1: 2, 59. arboribus 1 11111111161 61.
24,14.11117,2.11611111111639. 11111111114,16, 997. 1111111113,
1161111133. 48. 1111. 1116414264. aruis
arbusta 111 1. 19. 112, 18.
arbuto 1 1, 21. arbutos 1 17, 5. arcus 1111, 22.(1111111112, 3. Π 3. 19.
Arcadias 1111 12. 12. 111319. 111114, 11. 111, 6. 1113 66.
1111111111121. 16. 11111111 18. 19. *111111111261
1111111111227. 11111113111111111161.1111111111·1.·1.9.11111-
11, 14. 16, 21. 11111111 23, 9. 1111111219.111111111133.6.111111·
1111111111. 1111111 29, 9. 1111111·111131,26. 111
1116111128, 2. 19,... 2 1111111166 1111111116,

 

