210

moderere 1 24, 14.

01011011 18, 7. modieis 1οο, 1.
1006011114, 1. 27, 47. E 2‚23.24. 17,
0111011111 1 10, 1.

num 7113603111

0101111 16, 29. ῙΠ 2, 14. 27, 37. 0101-

1111 3, 17. Ill 24, 8. 100111128, 13.
ll 14, 4. 1111 14, 18. 01011οι01116.
36. ΙΙΗ 8, 16. morte 1 37, 29. 11 8,
12. 111 14, 2. 1111 2, 16.

1001101124,1.36,11.Π6,7. 01011001 110101413.
116, 2. Π116, 2. 01011οΠ17,21. 01011011111123. 311113, 12. 10011010

111 26, 17. 1111010. 1001101001 1111
6, 43. modis 11 12, 4. modos 11 1.
2. 40. 111 9, 10. 11, 7. 30, 14. 1111

136, 3. 111 26, 18. 0101101100 E 2.
Ξ, Δ,11101101111011 3, 37. 0101111111 Ill

11,34. 0101111Π9,9.1113,27. 7,12. 010011114, 13. 6, 2211 7, 11. morem

moechos Ι 26, 3.

1000010 Ι 7, 3. 18, 2. 111 176. E 1,30.
moenibus 111 2. 0. 11 17, 13.

010101 11 162. 0101001 111 29.10. 10010
1114, 66. molibus 111 1. 84.

0101111· 111 1, 46.

mollire E 6, 14. 100111011 († mollibit)

11123, 19.

0101110116, 31. 118, 3. 1216141.
16, 37. 010111 l 7, 19. mollium II 9,
17. 100111113118. 11 1, 10. mol·
11110οΠ 12, 3.IllI 1,6. 11 6, 83. 11,
4. mollior 111 10, 17. 11, 43.

0011111111 11, 24.

Molossus Ε o. 6.

Monaeses 111 6, 9.

010001118, 8. 9. 1111101011. 7.
10000010 CS 6.

mons 0100110 1 20, 8. 010010 11112, 6.

127, 3. 36, 12. 11111.28. 010101
10, 4. 1111. 24. 11111128. 111, 23.
100101111 6. 7. 1111 4, 36. 1001001111
2, 22. (1346. 0101161ιο ΠΙ 1, 12.

motus 1111 1318. 0101001 Il 1, 1. 010·

101 111 6. 21. 27, 22.

10000οΙ 16, 10. 11111, 2. 010001111

1, 16. 11117, 20. mouens 1010, 1.
mone 1113, 6. 0100010 1117, 76.
010000110111 1, 8. 1000001101114,
68. 0101101101 1 26, 6. mouit 11 4, 4.
6. 111 11, 2. 1117, 8. 1000011111
21, 6. mouendo 11 17, 3. 1001011

mox 1 1, 11. 4, 20. ΙΙ 1, 10111 6. 26.

47. 21, 69. 11114. 9. 7, 11. 14, 14.

mugiunt 11 16, 34. 0100101111 29, 117.

mugientium Ε 2. 11.

E 17, 69. 10001111101116, 41. 22, 1. 1001001111 11, 24.
23, 38. 00011112. 8. ΙΙ 10, 12. 100101111116.43.
00011600123,2.29,12. 1110, 7. muliebrem 11 16, 33. 001106111011

16, 47.

31, 22.

monstrauit E 12, 17. monstror IIII 0101101137,32.1113,20. 7, 13. 113,

3, 22.

24, 18. 112, 39. 12, l. 24.

00011100137, 21. 11114, 63. 0100- 00110100101οΕ11,23.
011111127.48. 1000011012. 6. 3, 011111012827. 11130,6.ΠΠ2,26.11.

18. 11 16, 30. 0100111111114, 73.
monumentum († monimentum) 111 30.

1. monimento († monumento)1
010210112136111 14, 23. 010100 111

29. 65 moram 11 14, 2. 10010οΗ11
0111111011. 1111111 11, 10.
mordaci llll 6, 9. mordaces I 18, 4.
mordet 1 31, 8. mordeor 1111 3, 16.

6. 100111 Ι 36, 13. 1119, 7. 01011001
126,6.11127,47.Ε16,11.11,20.
1001101 16. 6. 30, 3. 1111871111
1327.10011116111123141111
4, 66. 6, 33112. 31. 16, 19. 010110
(n.) 11 8, 1. 1011111 ῙΙΠ 9, 26. multa
111 13, 43. 1001110124, 9. 10011001·
1, 23. 0101101 36,5.11 16.’ 13. Ill
6, 7. lo.4·2.11119‚45. 11674 11101-
111111-7, 7. 11, 33. 17, 10.

1001101131 30,6. 010111112,13.16. 00001611166.
21. 3,11.16. 1416. 19,2. 2424. 27. 1100110101οη01 122. 13. 0101. 38.

68. 11118, 28. 100111οτ0 Ι 28. 6.

mundo 111 3. 63. mondum 1 12, 16.

01011101οΙ1 3. 4. 1001100111 17. 79. niundon (0111.) 10001100 ΠΙ 23, 14.
10010111 17, 6. III 27. 60. moraris Ε 100001010111 2, 21.

9, 21. 1001101011] 16, 24. 01010111 munio II 5. 2.
ll 3. 23. 01010101 138. 4, 1001111111 011101001Π1 11. 18. muniuit (18 43.

11, 14. morontoml 12. 9.11 7, 6. 6.
62, 0101011011120, 3.
0101011111 9, 18.

{miserant 111 10, 3. 111011110οΙ11

10000011 1,11.113.17.6,06.111000-

 

