252 mnnx venecnvn

erile 11117, 63. 14116. 35. 37. 10, 1. 3. 4. 11, 9. 23.
1 2. 5. 6. 10.
33. 36. 42.

eripiun111118,32. eripe 11123, 5. eri· 26. 23. 12, 6. 11. 25. 3
puit ΙΙ 17, 24. eripi II 12,27. erep· 12. 21. 14, 11. 2 . 31
tunE2,ee.ereptum11118,25. 46. 15,2.5. ese. 12. . 4. 20.

err0134, 3. erret III 18, 13. errem Ε 1, 11. 22. 23. 2, 7. 21. 31. 35. 47.
111 27, 51. errare 111 4, 7. errene 57. 4, 1. 4. 914. 5, 2. 3. 16. 19. 23.
ΙΙ 14, 18. errantis Ε 2, 12. 37. 43. 44. 51. 95. 97. 100. 6, 4. 7,

erubescendis I 21, 15. ’ 15. 8, 3. 7. 9. 9. 13 (bie). 2234. 10.

erum ΙΙ 18, 32. 17. 24. 11, 21. 22. 12, 7. 13, 1. 5. 8.

erutae Ε 5, 17. 9. 14. 15, 1. 7. 14. 17. 19. 16,11.13.

Erycina 1 2, 33. 20. 32. 35. 3740. 42. 44. 17,3. 10.· 17.

Erymanthi 121, 7. 20. 21. 25. 30. 45. 49. 50. 58. 77.

Esquilini E11‚58.EsquilinaeE5,100. CS 10 (bie). 31. 32. 39. 48. 56. 57

etI 1, 16. 23. 2, 2. 9. 18. 34. 35. 39. (bis). 58. 61. 71.

3, 8. 9, 19. 30. 4,17. 20. 5,6.6, 1. et (τ. etiem)14, 11.9,21. 10,13. 12,
11. 7.6.27. 816. 9,13. 10, 3. 5. 25, 16, 15. 28, 7. ΙΙ 10,17.13,37.
15. 20. 11, 6. 12, 22. 31. 31. 41. 42. 1913, 111 2, 14. 4, 70. 15, 8. 21, 11.
4350. 13,6.17. 145. 15,8.11. 2152531645.
12.17.1e. 16, 15. 1814. 17, 2. 6. et(poelpoeitum)112, 11. 2314. 31,
11. 14. 27. 18. 2. 15. 19. 3. 8. 11. 10. 37, 8. 111 24, 43 (bie). 1Π17,15.
20, 6, 9. 21, 5. 14. 22, 10. 23, t. 24, ΕΙ, 12. 2, 20. 3, 22. 9, 13. 10, 18

. 6. 25, 6. 13. 26, 1. 27, 5. 8. 28, 1. 9. 11, 8. 16, 2. 40. 17, 2. OS 3.
16. 2429, 2. 12. 30, 2. 5. 7. 31, 17. et...et11,2. 7,13. 9,]8. 14,13.
32, 2. 3. 11. 13. 34. 1. 9. 10. 13. 35, 23, 8. 32, 9. Π3, 15. 13, 37. ΠΙ 4.
10. 11. 18. 21. 25. 30. 33. 36. 2. 37, 841. 5,10. 618. 11, 5. 6. 13, 5.
4. 25. 26. 111, 2. 4. 7. 14, 23. 25. 2. 14, 7. 17,2. 3. 2143. 11111, 13.
11, 15. 21. 3, 11. 13 (bis). 17.19. 15. 31. E 11, 9. 10. OS 75.
22. 3. 27. 4, 10. 15. 21. 5146, 1. etenim 11115, 17.
2. 7. 11. 18. 21. 7, 9. 11. 8,10.14. etiam11111,23.11116,l9.
9,8.18.20.10,10,11,6.14.12,5. Etrusca E 10, 4. Etruscum [1129.
15, 13, 1. 2. 5. 6. 9. 17. 18. 22. 23. 35. OS 38. Etrusco 1 2,14. Etrusca
26. 31. 35. 14. 3. 21 (bie). 26. 15, 5. Ε 16. 40. ·
6. 11. 19. 21. 16, 11. 23. 26. 31. 37. encgenti 1111 15. 1⁰.
33. 18, 9. 18. 24. 28 (bis). 19, 3. 9. cuehit11,6. ¹
10. 16. 25. 31. 20,10.17.18.22. ῙΠ eucllo eu0111s1114,55.
1, 1. 15. 37. 39. 45. 2, 3. 5. 8. 13. euinit 1111 4, 65.
14, 23. 25. 3.1.9.20. 24, 30. 31. 35. Euhias 111 25, 9.

- 41. 49. 64. 71. 4, 1. 6. 15. 1825. Euhiue118,3. 1111, 17.
31. 34. 36. 46. 53. 59. 64. 5, 6. 9. euhoe II 19, 5. 7.
12. 15. 19. 23. 34. 43. 6, 3.9. 11 euincet1115,5.
(bie). 14. 22. 23. 35. 39. 42. 7, 10. euitete 1 1, 5.
19. 31. 8, 2. 6. 14. 16. 26. 9, 10. 22. Eumenidum II 13, 36.
10. 7. 11, 11. 14 (bis). 21. 26. 35. Europe (myth.) 11127, 25. 57.
39. 49. 50. 51. 12, 15. 1312. 14, 10. Europen 1113, 47.

- 17182126.15,6,16,2.6.7.10. Enrns128, 251111143210, 5. 16.
14. 23. 30. 17. 2. 3. 7. 10. 15, 18, 2. 54. Enrol23, 201116, 2111117,
19. 3. 4. 7. 24. 20, 13. 21, 3. 11. 15. 11. 11116, 10.

18. 21. 23, 3. 10. 20. 242411. 13. Euterpe Ι 133. -
22. 24. 26. 46. 48 (bie).52. 60. 25, e1123, 7. 111, 1. 1111331124.
61013. 26,2.7(5ὶε).9. 212. 32. 30,12. 111111,1e.1311,e.
5. 14. 19. 22. 23. 26. 29. 32. 46, 61. 16, 47.

67. 28, 10. 12. 14. 29, 3. 6. 7, 9. 12. exemen135,31.E2,65.

15. 19. 22. 26. 27. 37 (bis). 49. 54. exanimae 11 17, 1. exanimari ΠΙ
59. 30, 5. 11. 15. 1111 1, 14. 15. 17. 12, 3.

22. 2,19.22.41.46. 3111624. exeretE3,4.

4, 5. 29. 38. 39. 46. 52. 71. 75. 5. 8. excantata Ε 5, 45.

13. 22. 30. 31. 34. 33. 6, 3. 15. 34. eoectdo excidit 111 5, 29.

7, 3. 7. 11. 16. 21. 8, 1214. 9, 7. excide exciene 1113, 67.

Ι

 

