404 luuax vuuaouuu

Epicuri E 14, 16.

Epidaurius 13, 37.

epistula Ε 1139, 99.

6116111613.

6661661113, 86. 6116166113, 119.
1,6.ψὼηω6.
96119516, 77, 166. 1113, 65. 15,
13111, 185 61161116Ε1911, 187.
666116619116, 76. 11116 38 6111-
611ὣ1166616161116819
equestrem A 383. equestri 117, 63

equidem 111, 79. 6, 33. 6, 63. ’311

equinae E 111, 1666616616 Al.
’999691191119191199Ε991919699191 661161 111 17,
3611318. equ115, 66. Ε116,
13. 6116111117, 66. Ε 116, 31.
*666111Ε11,8,6661111113,61.
equom A 819 equo 11 1, 169. 3,
li 9eqporu1n E 111, 95. equis 14,
ι)

Ι 7,11. equos 13, 86 equis

17, 8. 11 1, 36. A 169.
erapsemus 16, 79.

ergoI4, 63,9,16 17.,113 3666

161. 3, 6. 89. 156. 199. 990. 6, 19.
101. 6, 16. 70. 166. 1116, 46. 7,

76.18,978.111,366.113649.363.

erigit 113, 166. erigimur 118 58.

61661616 Ε 11, 69.
611116 117, 66. 69111111] 119, 6.

eripias 11, 67. eripe 117, 91. eri·
pere A 493. eriperern 191 3, 3116.
9996991969691911961919ἒὲ3

332, a
errat Ε 111, 65. A 167. erret 113,
316. 61161119Ε113, 17. errare18,
36 erraremus 13, 41.
err0117,113.
61101113,16.61,ΕΙΙ 1, 118. 9,

140. A 3698. 454. errori 193, 13. 119

affl
616666 ΙΙ 8, 61,
61661 Ε ΙΙ 9,115.
eruum eruo 11 6, 117.

6166118, 16. 13 611811, 86.
61661113 13911116, 9. 61611

61696 118, 6. escae 119, 79.
6666669111, 199.

esuriens 19, 9116. 3, 93. 113, 113.
6111, 37. 9.11 66, 71. 93. ’118.-2,
54. 99.197.198. 113.196.139. 3,

13. 14. 90. 94. 31. 41. 45. 50. 63.
86. 98. 100. 101. 105. 117.199. 195

qmfflwwaawffiu

ΙΙ

68. 66. 68. 79. 96. 93. 98.191.194.
130. 6, 10. 36. 16. 43. 46. 49. 53.
57. 58. 78. 86. 96. 6,16.17. 9831.
35. 37. 49. 61. 61. 69. 76. 88. 97.
101. 1631163116. 7, 19. 30. 8, 97.
30. 39. 41. 43. 44. 45. 9, 6. 19. 36.
49. 49. 44. 56. 61. 63. 63, 64. 75.
76. 16, 8. 11. 15. 19. 99. 58. 65. 66.
79. 71. 81. 89. 83. 86. 87. 111,1.
93. 40. 49, 46. 47. 61. 64. 71. 79.
73. 77. 9, l. 5. 16. 96. 57. 58. 63.
87. 98. 115. 199. 3, 9. 97. 36. 38.
43. 44. 66 (611). 73. 93. 97. 98. 106.
107. 149. 146. 169. 166. 170. 179.
178. 181. 183. 188. 199. 198. 903.
313. 918. 994. 931. 939. 944 (61.1).
961. 969. 979. 989. 309. 311. 313.
4, 1. 13. 98. 99. 88. 40. 49. 45. 63.
698. 73. 74. 84. 5, 13. 91. 93. 94. 41.
63. 68. 96. 166. 103. 6, 9. 3. 14.
16. 98. 99. 39. 34. 39434617.
61. 73. 76. 83 86 1167131.
93 (111). 36. 36. 40. 67(61’6). 86. 93.
100.101.113. 8, 11. 90 (611). 35.
77. 8889. 9912'11, 39116111).
19. 16. 19. 34 35. 1141. 48 (611).
49. 69 (61.1). 78. 84. 99. 104. 9, 4.
819. 15. 16. 17. 90. 93. 95. 97. 36.
31. 36. 1316917616). 51. 66. 3,
8. 11. 14. 16. 99. 98. 39 4, 9923).
11.191.›57891497806
9. 3135). 6. 7. 8. 14. 17 (716). 90.
99. 96. 97. 31. 36. 37 (611117 49.
61 7, 7. 8. 9. 11. 13. 361611). 31.
99. 97. 46. 63. 66. 58. 59 (661). 63.
66 67 7579848595813.
1.3.9,.,...93131047895.33.
11. 3. 4. 9. 13. 17. 91 (661135. 13,
8......111617193133.33.,139.
11, 1. 9. .1. 6. 915 (616). 16. 19
(uis.) 90. 91. 99. 93. 96. 98. 36. 39.
49 (616). 16, 9. 3. 8. 9. 10. 18. 93.
31. 33. 35. 39. 49. 44. 45. 16, 3. 1.
96116). 36. 33. 39. 40. 161119.
51. 57. 63. 68. 73. 76. 17, 1. 6. 16.
19. 93 (61.1). 36. 89. 33. 34. 46. 41,
13.17.49.61.63(61“6).61.18,6,
9. 16. 13. 17. 91. 95. 97. 98., 33.
47. 50 (611). 66. 67. 58. 68. 71. 78.
85. 96. 99. 163. 169. 111. 19, 19.
95. 97. 99. 38. 39. 40. 49. 43. 16,
47. 48. 49. 90, 3. 4. 7. 90. 11 1, ι,
4385). 18. 91. 99. 33, 46. 48. 59.
360. 79. (173). 74. 78. 84. 86.
9991. 103. 168. 110. 119. 113 (616).
118. 193. 194. 199 (61.1), 131.134.
141. 149 (1616). 144. 149. 156. 168,
163, 163 (61.1). 165 (616). 166. 183.

 

