274 muns vnasouvu

Numantiae ΙΙ 12, 1. ’ 55115151115111 2,38. 5511155111 511.
numen 11111,26. 5, 35. 115, 54. 15, obprobrium 11 13,4. 11124, 42. ΙΙΙΙ
3. numine 111 10, 8. IIII 4, 74. nu· 12, 7. obprobriis 1 16, 28.
5115511 17, 3. 551511 1 15, 3. 28, 22.
5515515128, 1. 112, 18. numeros 1 obscenas E 5, 98.
11. 3. 55155115 1111 2, 11. 5555515 Ι 7, 15. 5555515511 5, 23.
Numidae (Puri) 1 36, 3. 55555151 34, 14.
Numidarum 111 11, 47. 555515115Ε 17, 53.
numquam I 1, 13. ΙΙ 13,13. 1114, 60. 555515,55514555555151555111. 555515.
5, 46. E 16, 45. opsideo. opsoletus.
nuno 1 1, 21. 22. 4, 9. 11. 20. 5, 9. 7, 5551511151] 17, 51.
319,1821.11,5.14,18.16,25.29,1. 555115515511111, 7.
34.3.36,4. 37, 1451512. 11 1, luo. 6. 55515 5551551Ῑ5Π15, 51. 20, 5. 1111
7. 10,7. 111 1,30. 31. 32. 4, 3. 6,23. 9, 43. 112, 32. 555151511111 8. 24.
9, 9. 11, 5. 26, 3. 27, 45. 29, 34. 36. 555111111113, 53.
52 (515). 11114, 11. 8, 8 (515). 10,3. obstrepit 111 30, 16. ΙΙΙΙ 14, 48. 55-
4. 12,18. 115, 53 (151). 11, 23. 13, 51155551 Ε 2, 27. 55511555511511
2 (51518. 15, 17. 18, 29.
5551155 ΠΙ 7,9. 55511551 110,6. nun· obstrictis 1 3, 4. ·
1155 1111 4, 69. occasionum E 13, 4.
555511 14, 17. 118, 22. 111 14, 9. 26, 055165511511 1, 13.
1.27, 29. ΙΙΠ 14, 8. 119, 7. CS 56. 5551511124, 9. 28,7.Π18,18. 11114.
51151155 nuptiarum 111 11,11. nuptias 76 (bis). occideris IIII 7, 21.
1 15,7. ΙΙΙ 6,17. nuptiali III 11,33. 5551115 5551111511 14, 5.
551111ΙΠ15, 18. 55111551 (1831. nu· 555511515111 16, 27. ,
11115 1111 4, 26. occultum 111 29, 17. 5555115 Ι 12, 45.
nutrix 155, 16. 55111515 111 4, 10. 5555551 1111 9,46. 5555555 ΙΙΙ 24. 3.
Nymphae 130, 6. 118, 14. Nympha· 555555111 12, 28. ΙΠ 27, 54. 5555-
15151 1, 31. ΙΙΙ 18, 1. Nymphis I 551 14,2. 55555515 mas, 44. 55-
4, 6. ΠΙ 27, 30. Nymphas 11 19, 3. 555515 11 16, 24. 55555551 Π 18, 6.
Nymphis 1111 7, 5. occupauit 1 12, 19. 111111,21. 55·
5555511512 16, 10. 5555551515 ΙΙΙ
515.
0· zoccohrnhfflhhfl’ffih. E 16,41. Oceano
1111 5, 40. Oceano 13. 22, 055555
511,2. 4,14. 7. 26. 30. 9, 8. 14, 1. 4155151135, 32. ·
2. 16, 1. 26, 6. 30, 1. 32, 13. 14. 35, 551511 2. 48. II 16, 2324. 5111515.
38. ΙΙ 7, 1. ΙΙΙ 5, 38. 39. 10, 13. 13, 55155113, 26. 11, 18.
1. 14,1. 10. 21,1. sam. 25,14. 55155551Π4,23.
19. 26, 9. 27. 34. 50. 111Ι2, 46. 47. 55515112, 23. 555155 Ι 36, 18. II 12,
3, 17. 19. 4, 37. 5, 37. 10, 1. 14, 5. 15. 55511513, 18. 32,11. 1112432.
43. Eam. 5, 1. 49. 74. 10,15.12, 5511381. 1111,1. 19, 22. odimus
25. 15, 11. 17, 30. 46. (182. 111 24, 31. {odera 1114, 67. oderit
5511111612. Ι8,4.1116,26.
55511551 ΙΙΙ 4, 21. 5115111 12, 8. 5115155111 15, 7. odore
obductiE 13, 5.· ΠΙ 18, 8. 54511555 Ι 6, 211 17, 23.
obedo 555555 E 12, 3. odorati 11 11, 15. 5115151151Π20, 14.
obeo 555515 ΙΙΙ 9, 24. 55115 ΙΙ 17, 3. odoror 11 12, 4. odoraris 11 6, 10.
551551120, 7, 5115555511 17, 42. 5115555511 15, 15.
5515515 ΙΙΙ 10, 3. 5515515 11 11, 3. offero 5515111111 16, 43.
obligasti 11 8, 5. 551155155111717. 5165155Ε17, 35. 5155155514, 8.
, 5555515511 7, 17. 5155115 111, 7. 5155155111 10, 2.
55115551 ΙΙΙ 22,7. 27, 6. 5111155511 51115110, 9. ΙΙ 10, 17. ΠΙ 11, 5. 1111
3,11. 4, 5. 9, 9. E 3, 1. 14, 7.
55111115551111114, 2. 551151555115, 51155112, 56. 511555Ε16,45. oli-
70. 5511515555 ΙΙΙΙ 9, 34. uam 1 7, 7. oliuae 1 ³1, 15.

551151555 ΙΙ 7. 21. 5115511511 15, 7.

 

