INDEX VERBORVM

00110 001101 l 1, 48. 001101 ΕΙ 10,
40. nexisse A 270.

Veianius E 1 1, 4.

Veiens Veientis Ε 11 2, 167.
Veientanum 11 3, 143.

uel 1 1, 49. 55. 2, 134. 6, 22. 105.
00000000010
0000000000
000004οΜ00
000100οω000
51. 11 1, 25. 44. 83. 84, Α169. 171.
288.

Velabro 11 3, 220.

Veliae Ε 1 15, 1.
1101105Ε16,52.

00111001 1 10, 70.

00110 Ε 11 1, 46, 001111 11 3, 235.
0011001 1 3, 133. uellere Ι 0, 63.
uellus uellera (000.) Ε 1 10, 27.
uelo 00101 Ε 117, 25. 00181 115,04.
uelatum (01111.) 12, 71.

uelox II 2, 11. Ε Ι 12, 13. 18, 64.
001001 (abl.) 11 5. 55.

001101011013. (acc.) 11 3, 1011. uelis Ε
[Am

0010113, 9. 10. 6, 66. Il 1, 30. 3,
48. 110. 7, 30. 41. 08. 8, 94. Ε II
nwnmssnmnn
00101113, 40. 4, 142. 11 1, 33. 40.
00003100οῌ0
8458.

11000 A 400. 00000 (nom.) 113, 153.
00011114,25. 0000012, 33. ΕΙ
mm

0011011010, (ace.) Ε 16, 58.
Venafranae 11 4, 69.

Venafri ΙΙ 8, 45.

000010 acc.) 12, 84. 0000111 1 1,
00100

0000110111 Ε 1 2, 65.

000010112 105.
ωώὤῶιηη

nendo 0011111111 7, 110. Ε 11 1, 75.
0001101 11 3, 300. Ε 1 11, 16. 000-
(1010111 16, 60. 11 2, 2. 0001100-
101οΕ I 7, 65. 11 1, 269. 00000101
0000001 Ε I 14, 38.

uenenum I 7, 1. II 1, 48. 00000011
3, 131. Ε 11 1, 207. uenena 10,31.
uenenis 1 8, 19.

neuen 000111 5, 88. ueneat 11 5, 25.
uenerabilior 11 5, 14.

0000101 116, 8. 000010101 Ε 11 1,
263. 0000100101Ε112, 107. 00-
00100111 Ε 1 18, 73. 0000010112,
12-1.

89

101. uoniam 1 3, 11. 11 1, 1. n 1 ,

5, 10. 7, 5. 11 1, 78. A 11. ueniti
1 4, 105. A 355.

· 000101 0, 62. 00011 I 1, 8. 3, 74.· Ε

111, 5. 000101 115, 50. 0001011
10000οη0οωω
113,230.001111“012,122.117,33.
000100οΕ 1 16, 6. 000100101 A 175.
ueniret A 255. uenies Ε17, 71.
00011056. 1111518. 0001111
2, 128. 5, 73. A 401. 00010101 Ε 11
1, 32. 0000101 3, 87. 5, 56. 113,
230. 0000111 Ε 13, 18. uenerat 11
2, 118. uenisset Ε Ι 7, 68. uenisse
1 7, 26. 00010101 Ε I 3, 0. 00010-
101 0101 Ι 5, 27. uenturam Ε 111,
226, 0001010 (aec.) Ε 1 18, 33. 000-
11101...οε1 Ι 3, 07. Ε17, 72. 000-
10101111 6, 33. uentum 0101 1 9, 35.
000000001011 4, 71.

00001 Ε 1 10, 37. 00001001 Ε 16,
57. 00000101 Ε 1 1, 78. 000011 Ε

nm

000101 1 1, 46. uentris 110101.
000111 Ι 5, 7. Ε Ι 12, 5. 15, 32.
uentrem 1 5, 85. ΙΙ 8, 6. 000110 1
6, 128. 11 7, 36. 0001101001.) ΕΙ
mn

00010101 Ε 1 8, 12. 00010100 100ηὲ
Ε 1 19, 37. 0001010 (abl. 01010.) “
0111111111111 Ε II 1, 102.
Venus Ε 1 6, 38. 18, 21.

00001 A 42. 000011111580. A 320.
0000111 5, 84. 00001010 1 2, 113.

,3, 100. Ε 11 2, 56. 00001014, 113.

A 414.

7000110οι11 1, 35.

0000111110 †1 2, 120.

uepresli}4 18196, 0.

001011 .
οωωμωωμο000
uerbum 4, 58. Ε 1 16, 71. 11 1,
73. uerbi 113,42. 0011101011, 121.
1147. 133. 413. uerbo E 1 7, 38.
0183. 00150111,10.Ε11,34.
A 52. 106. 311. uerborum A 61.
uerbis 1 4, 47. 10 20. uerba I 3,
000οὼ000
1001000000000
17, 16. 18, 12. 19, 2511288113.
143. A 97. 235. uerbis 12, 68. 4,
0000000οΜ0
000010

0101700ιέ001 A 207. uerecundum Ε
, .

00010 Α 264. ueniae Ε 11 1, 170. A uereor I 2, 127. 3, 121. Ε 1 16, 10.

 

