111111 vnnnoavn 293

11131111 1, 30. tange 111 26,12. 1111- 4. 20. Ε 16, 64. tempere 113, 5.
ς11118.8.11113.10.19,16. 111- 08 4, 1111111128, 12. 11112, 40.
get 1113,64. tetigit Il 19. 32. 1,18. 12,13. 13,14. temporum
11123, 17. 27, 33. tetigere ll 7, 12. 11130, 6. temporibus IllI 9, 36.
tangi 111 11, 10. tangenda I 3, 24. 13, 25.

11111111Ε17,66. ’1111111111837 temporall,t'3. 11126.20. 11111,
Tantalum 11 18, 37. 32. 8, 33.

1111111111 3, 16. 1111111] 11, 7. tantam tenacem 1113. 1. tenaci E 2, 24.
11141. 1111111120,16. 1118,32. 111370.

tardauit 11 17, 15. tendit 11 10, 20. 1111226. E 2, 33.

1111111111111332. 111111111117,62. 11111111 1 1, 34. 29, 9. tendens 111

Tarentum lIl 6,66. Tarenti 128, 29. 6, 65. tendentes 1111, 51. tenta l}

Tarquini 1 12, 35. 12, 12. 16, 50. 17, 26.

11111111117, 17. Tartara 128, 10. tenebris 1111 4, 40. 7, 25.

tauriformis 1111 14, 21. 111111111 1, 38. 11111 Ill 26, 9. 11-

11111111Π27, 72. tauri 111, 3. tauro net I 13, 18. 1114, 62. 28, 14. 1111
111 27, 26. taurum E 12, 17. 1111 2, 9, 5. 11,23. li 1124. 08 69. tenent
53. 1111111111 13, 11113, 11. tau· 17, 20.1114,16. 1111111313.
111Π14, 7. 11111111Π14,16, 11111611Π11.

Tecmessae 114, 6. 41. tenebit l 7, 20. tenuit ΙΙ 1221.

111111110, 7, tectum 111, 19. tecta tenuere 08 38. tenuisse III 17, 8.
Π16, 12. 19, 14. 1113, 60. 10, 6, tener Ill 18, 6. llll 2, 64. teneraeI
Ε12,12. 1.26. 21,1. 11127, 64. teneruml

11111111111114, 13. tectum I 6, 13. 4, 19. tenero 111 6, 24. 1111111111

Teium 11 14, 10. Τ11ῖ11 17, 18. 12, 9. tenerae 111 24, 52. tenerla

tela 11111 111 12. 6. 1111 1, 26.

Telamone 114, 5. 11111111Π16,38. 1111111133,6. 11

Telegoni Ill 29, 8. 16, 14. 20. 1. 1111111116, 9.

’11111111 13, l. 2. Telephum 1111 11, tenuo tenuare 1113, 72.

21. Telephe 111 19, 26. 1111111115, 16.

Telephus (mythol.) ll 17. 8. tepebant 1 4, 20.

’1111111 08 29. Telluris 11 12. 7. 1111111116, 17.

111111122,16.34,9.37,2.1114,21, 11111317. 28,.30. 3113. 119,13.
18,32. 1111 14, 60. Ε 1313. 16, 43. 14, 7. 17, 28. 1113415. 66. 67. 18.

¹ numnam. 111,1r. 1111. 11. 11. 11, 111. 1111 1,·11. 11,
15, 19. 33. 12, 16. CS 23.

1111 OS 33. 1111111119, 17.Ε 17, 10. 1111111 E 11, 28. 1111111 1 l. 28. 1111-

temere 1 12, 7.11 11. 14. 111 II 4, 21.

Tempe 1 7. 4. 21, 9. 111 1, 24. tergeminis l 1. 8.

temperas 11111. 18. temperat I 8, 7. tergo 1112, 16. 6, 22.

12, 16. ΠΙ 4, 46. 24, 18,111111111111 termes l} 16, 46.

111. 11. ΙΠΙ 12, 1. temperet 11 16, Terminalibus F. 2, 60.

27.Π119, 6. temperantiam. 1111111111113,33.0827, terminum
temperante E 16, 66. temperatam 122. 10, terminos 11 18, 24,
113,3. 111 4,66. 1111111111112,3. 111111111 19, 14.

tempestae 111 17, 11. E 13, 1. 111111111114, 14, teritur E 16, 1.

’1111111111111111 10, 24. Terra 1114, 73.

1111111111123. 12.1Π 19, 27. tem· terra Ill 3, 60. 1111 7, 3. 11 113075.
1111111111 1111 1, 9. terrae 128, 1. Il 14, 10. lll 1, 36.

1111111216. Π16,20. 1116,2. 1111111114, 7. 1111,45.18‚16;12
templie ΠΙ 11, 6. 7, 19. 1111111111. E 1, 33. 9. 27.

1111111111114,71. CS 53. 1111111410. terraruml

tempto 1111ρ1111111,11. 7, 12. tem· 1, 6. ll 1, 23. 6, 13. 11111112, 1. 3.
ptam-III 23,14. temptabo III 4, 31. llll 2. 37. 11111113, 23. 12.
attemptanti 11, 13. temptaris 11, 111111. 11111, 11. a 1, 1,
111,3.1111[111111128,6, 11111112, 42. ll 2, 2. 20, 3.

1111111314. temporie 11111, 29. terrenum *111 24, 4. 1111 11, 27,
1111111Π7,1.ΙΠ6,44.23,8.1111 11111111011. 11,-11. 111111, 26.

 

