1111111 1111011111 361

11111111. 111111(1111.)11116,43. 3, 49. 11 1, 31. magnas 111 16,
1111611111116,36. 33. magna 111 3, 73. 11111011
111111113311131 16119, 38. 11611314. 111111368. 1111
Lycaeo 1 17, 3. 6. 5. 14, 14. 11 1, 18. 1111111111 1317.
Lycambam, 13. 111167. 11. 33. 1111337. 164.
11111111 10, 1. 111111, 1. 3. Lycen 116, 71 (bis). (18 13. 111101111113,
1111 13, 36. 33. 1111611111116,1.16,16. maxime
Lyciae 1114, 63. llll 14, 6.
1111161114, 19. ’ 1111111137, 33.
· 1.]11111111134. 1111111143.
Ludus Lycinslll, 16. 1111111111111116, 15.
Lycorida 1 33, 6. 11111111 13, 34. 11111111137, 64.
Lyenr 111111. 11111111113833.1111111111111639.
Lycus 111111113111. 1111111111333. 1114,3. 3113.
Lycus 111 1133. Lyco 111 19, 34. 63. 1111111 1Π 34, 68. 11111114, 13.
1.]1111Π11,7.36. 38, 3. 111611111133. malobathro 11 7, 8.
19111111111318.111111. 111111131311. 111111113143. 11

Lydiae 111 3, 33. 11, 1111116 1 14, 13. E 1111111111
1111111111116, 36. 11 13, 38.1116, 8. 13, 3.
1111111113, 13. lymphae 111 1136. 111111113113. 11 13, 1. malum 11 11,

13, 16. lympln 111133. 11 16, 48. 17. 11111113, 36. 15.5. 11 1111. 1111-

1111111133, 37. larum 11 3, 37. malos 11 6, 11. 1111-
lymphatam l 31, 14. 111111 3, 7. malis 1 1316. 1116, 16.
1111111111 13, 43. 11116, 34. male 19. 34. 1136. Il 13. 17. IlI
111111113. 13,6.1113.63. 11113, 1111.11116,14.13,7.1·113,16.

33. 11161111. 3113. 111133. 11111114.1.11131,58.

1Π19,33. 3111. 1111133113. 1111111131 16113, 68.

11111111. 1111111111οὲ8, 7.
lyricis 1 1, 36. mane 11116, 33.

’ 11111111 111111111 1, 36. 13, 6. 33, 16. 11
18, 31. B 13, 13. 13, 13. 16, 41. 17,
Μ, 36. 1111111111 111 11, 33, 1111. 63.
1111111111 38, 33. mnne 111 7, 33.
31111601Π16, 14. manentem 11111 33.
macerat 11 14, 16. 1111111111 13, 8. Manes 14, 16. Manium F. 6, 94.
111111111143 Manlio 111 31 1.
1111111113, 33. 11131, 33. mannos [Π 37, 7. mannis 11 4, 14.
11111111113, 16. mano 111111111ΠΙ l, 34. 1111111113,
111111111111111116, 33. 3. 11 16, 47. 1111111111 11, 13. 1111-
11111111ΙΠ31,3. 111116111113,37.1111111111111115.
1111111111, 1. 316. 1113, 11, 11. 1111111111Π 3, 6. 6, 3. 33, 17. 1111 11,

³· 3117. 1118. 13. 1631313. 1111 3. 11 13, 1316, 4. manum 135, 36.

11 13111 4. 3, 33. 3, 4. 14, 6. 11 3. 31. 119. 1111111136.18. 1113,
Maeonius 1111 3, 6. Maeonius, 3. 6. 13, 3. 111 16, 44. 113, 1. 1111111111
1111111114, 16. 1111, 74. maerentis 1 17, 36. ΠΙ 33, 1. 11114, 13. 7, 19.

ΠΙ 6, 47. maerebis 11 16, 3311111- 116. 63. 17, 1. 43. US 53. manibus

11111 111, 6. 1111111111 1, 13. 11135, 16.
magis 136, 18. 11 13, 31. 13. 36. 111 1111111111 13, 46.

11111131. 3, 66. 13, 33. 11111116,16.38,18.1113,3.17,33.
magister 111111. magistro 111111. 11111116, 16. 36, 1. 11 6, 7. 18, 36.
Μιςιιοιιιω 111 7, 18. 1111 6, 16. mari 111 33, 61. mare 1
nagnam, 16. 1131111116. 6, 114.3,19.6,7.1161116. 14,

39. 34, 31. 1113111116. 1160. 136, 3. 11 134. 3, 3. 113. 1117.

11111, 36. 116, 64. 1143. magnae 111 l, 3614131141. 39, 36. 1111

113, 37. 1111 6, 1. magnum 1114, 113. 111. 113. 6. 53. 118. 16,

43.1111111111111Π37,14. magnum 39. 11111111111113611119.

111114. 1111141. 116, 81. 131331110863.

magnorum 11 16, 3, magnos 1 1111161111131,14.

 

