INDEX 6111111011711

condicionibus 1 1, 19. ΠΙ 6, 14. contremuit 11 19. 8.
condiscat 111 9, 9. condisce 1111 contumeliae E 11, 96.

1634, 6661660611] 6. 98. contudit 111 6,
condit 1111 6, 99. E 9, 16. condere 10. contuderit 11113. 8.

110, 8. condiditll,9. 11163. 66116161611113.69.

11 9, 96. 6661111661 isos. condito conuertere E 6. 88. 66666116 111 16.

(1899.66611111117,9. condito 1111 8. 661166116 Ε 16, 97.

19,16.’ 661161661 98, 7. 11 19, 93.
consero 66616161Π4, 19. conuiuia 1 6. 17. 666616161116 Ε
6661666611 17, 93. 11, 9.
coniunx 1111116. coniugis 1 1, 96. 666161 17, 14. 11 166. 06616 0860,

11 19,13. ΠΙ 6, 41. coniuge 111 3. 666166111999. 6661111111 14,33,

64. 6, 6. coniugibus 11111, 68. 666616113,18.

9, 94. cordi I 17, 14. cortic 193, 8.
666161616 I 16, 7. 6616611116, 99.
conlocare E 17, 68. Corinthi i 7, 9.

66666166 Ε 9, 16. cornix 111 97. 16. 66161611 nnis, 96.
cosor conemur 1 6, 9. 66166117,16.19,14. 1119. 30. OS
6661611611611 6, 99. 66. 6616116111 9118. 97, 48. 79. Ε
666661616661616ΠΙ6,99. 6,19. 16, 69. 6616666111,17.
66616616111118, 97. 66161161 111 13, 4.

consenesco consenuit 111 6, 8. 6616611 7. 93. OS 30. 6616666 111,
consentit 11 17, 99. 9. 111 97, 90. coronam 1 17, 97. 96,
666111166116611113, 17. 8. 661666111 7, 94. 111 14, 17. 66-
6661111661ΠΙ4,41. 91,16. ΙΙΠ 14. 16611111111. 3.

93. 66611111114,66. 66611116111 661666616611193,16. 661666111111

6, 46. 96, 6. 666111161111,96. 7, 7,

6661111111111,19.11114,94.1997. 661661136, 3. Ε6, 13. 66166111
66611616 constitit 11611. 661111116- OS 64. 6616611 Ε 9. 68. 661-

1111110, 4. 6616137, 98. 119,16. 1111417.
6661661616113, 10. 61. 6616616116, 36. corporibus
consortem ΠΙ 94, 60. 11 1416.
conspicitur 111 7. 96. corrigere 194, 90.
conspicuum 1619. 6611166613. 33.

6661116116 E 6, 16. 6611166111 1111, 10. cortice 1111, 99.
6661166111 1117, 4. 6661166116111 061616611191, 7.

19, 19. coruom 111 97, 11.
66111611Π10, 30. 66616111 11161, 8. 6616166 134, 6.

6661616111,1. ΙΠ8,19. 14, 98. (1616616166116, 8.

91, 1. Ε 19, o. 611 6616 11 8, 16.

666161111111 16, 9. costum 111 1, 44.

consulo consulenti 111, 14. (1611166111118, 18.

6661611111 1 94, 3. 66161116 11 1, 19.

contigisti 16, 61. 06161116Ε17,66.

contaminato 117, 9. 066111 19, 18. Coae 1111 13, 13.
6661666166111 16, 96. contempto E 6161 I 7, 39. 0, 13.111 13, 3. 17, 4. o.

4,16. ’ 90, 49.
contem ieris 111 99, 7. 016111 ΙΙΙ 6, 6.
conten ’111 16, 67. contendat 111 616111661Π17, 17.

1, 19, 61616166111 18, 7.
666166111114,16. cratibus E 9, 46.
contineo continente 11 18. 99. conti· 61661111 96, 9.

6611196, 37. 61666611117,97. 61661111110,1.
66611666611116,49. 61666111161111163. credits
666111 1114, 67. Ε 1, 6. 4, 19. 11, 11. 1119, 9. 6161161616 11 8, 6. credidit
6661116111110, 93. contraxit Ε 13, 1111, 33. 91, 6. 116, 43. credidimus

1. 666116616Π116,39. 6611116611 1116, 1. 616111661111111 13. b. crc-

111 1, 89. 11116613, 6. 94, 11.

 

