45

58 (15). 60. 62, 66. 72. 81. 84. 80.
93. 96, 117. 122. 126.134.3,1. 24.
29. 32. 46. 50. 51. 63. 63. 68. 69.
74. 79. 84. 67. 111. 124. 125. 128.
130. 133. 4, 2. 54. 58 86, 86. 66,
67. 166, 114.116,134. 139. 5, 6.
116162622641446666
76..111128.,733.35.9,1..510
1613126. 27. 45. 46. 61 11111),66.
5555555555
55535555555
555555555
63. 59. 05. 66. 74. 76, 82, 162116.
127. 137. 145. 161. 162. 164. 213.
226. 221. 232. 267. 284. 301. 368.
312. 321. 4,1. 7. 16. 21, 31. 37. 38.
42. 62. 63. 6, 4. 7. 36. 81. 84. 85.
162. 6, 4. 26. 32, 44 (13). 51. 56.
555553555
5545555551
m55555555
555555mm5
wm5555555
666666666
1366366116661
Μ66666666
40. 66. 17, 26. 36, 36, 41. 46. 18,
55555555355
31 (15). 39. 63. 54. 63. 98. 101. 115.
120. 222. 229. 2, 64. 158. 160. 182.
216. A 78. 99. 102. 128 248. 283.
66663ΗΜ

51. 66. 2, 37, 88. 13,1.· ’3, 69176
*ΗΜ3666ΜΜ16
6661666ἐ11614
663Μ;· 555
55555mm55
555555555553
141. 168. A *48 *72 *76 *264
364. ⁶309. 327. 363. 386. *464 409.
*417 *422 51= 11331112, 71
101. 6, 87. 115, 163. 3115. 12,
2 1161116614 142. 6, 7. 3'3125
66111 11, 13. 16611 ,.28 62. 3, 71.
166663,666’61,
ω6616166ῃ6
36 67 77 6,4,,11128. 2, 71.
182. A71. 156. 181 347. sim 1,4
76. 6, 47. 11111, 62, 4, 69. 112.
111,60.,.3885, 3..7916,977,

555’555555,
555mmm5.55.
6666ῌΗΗΜ6.

55555‚mmww.
Μ666Μ.3663
555,5.w.5853
1 1, 51. 2, 3 .1, 30 3 13. 6,11.
6ΜΜΗ666Μῌ

11111311 6311301166

411. 16, 54. 63. 17, 17. 18, 17. 167.
109. 111,66. 173. 2, 172. Δ 23.
123. 189. 313, 314. 467. 436, 460.
16.6Η1666661
m55515.e55,5.5
136133231133166623.
622,1,11166.81.17,37,Α336.
3161101166. 333311, 16. 63. 79.
2, 4. 51. 62. 3, 66121. 4, 39. 11.
6666666613
3336666663363
63ΜΛ6366Μ6
88. 86. 2, 60. 6, 17. 30. 6, 44. 7,
22, 62. 16, 17. 36. 18, 27. 11 1, 76.
3555555155
11161633 1 4, 6. 311111 ’,1,4 3,
17. 132. 4, 3. 11. 5, 7. 27. 6, 41.
5W595.55531m,
47 49. 90. 126. 123. 3, 9. 261. 281.
4,.86,1.,823,Ε116,.,3817
46. 112, 87. 419. 204. 223. essem
166’6666ῌ361
116, 611. 3133112, 62 3 1664,
5055556ffl55
8 59 3115. 36. 111, 91. erisl
11598113613‘1054195,
666Μ6616ΜΜ6
6ω16166636
67, 222. 4,12. 5, 15. 31. 66. 64.
5515555555,
3.666Μ6ω616
66ω66666ω6
661611616Η366
6666636616
666163636611
6Μ6ΜΜΜΗ
163666ωω36
fueris ΕΙ 646. fuerit Ι 2, 67. 4,
666666Μ366
636611661661
sent l 6, 131. fuero 1 6, 68. fueris
111 11, 24. 1613111113, 130. soret
12,6..,.,36744666666166
8,.,3610 68. 114, 45.,.63 Ε11
1, 194 2, 86, 42611, 1611111, 21
6 26 113, 99. 46. 1616111118,
44. 1116111196 1131111.)Ι1,36.11
ἓ, 11163172218.161616111616111(,3166)
summae 113 124. summam 113, 84
90.-1111503438455514,
summittit 11 4, 43.
summosses 16, 48
summus 118, 26 31155115
1 1,16.112,20.3,221.311111111661
11311111676. 1611161616Ι6,74.
113,3116.11111,32. 3611116313,

 

