468

INDEX vnssssonvn

111, 1836160. 16611,46.,6 6611οΕ116,.6

68964 1163311118 84 87 6611019961.

111, 968. 9, 37, *tuom Ι91,81. 161 6616606161 116, 119.

Ε119, 13160118 06. 1616614, uanae (Ιιιοηι)Α7666611111,189,

199 Ε118, 66. 1616614, 117. A
399. tuum 1113, 939. ΕΙ1,18 79.
1606 Ε 111, 161 160 1 10, 816. ΙΙ
3907 1116116,94.116, 1108111
10, 44. 16019, 766, 91811110,
31.18,81. 166111.1031600661(60610)
17, 316. 1616 (6ιο60.)Ε119,6. 1606
119, 199. tua (600.) 11, 53. 3, 96.
98. 19, 74. 113, 151. Ε117, 43. 18,
39. 1111, 4 946 9 196. Α4441.
tuis (60610.) 113, 324. ΕΗ 1, 963.
Tyndaridaruml 1,100,
1166611606.) 1111968.
716606ΕΙ61, 18 Τ11166114, 84.
Tyrrhena (0010.) Ε 119, 180.
’16116066 A 409.

Ε

66066 Ε 11 9, 96.

Vacunae Ε 1 10, 49.

660666 Ε l 7, 466006011 3119.
66066611 3, 10. 660666 Ε 11 9,
94. 6606061 11 6, 60. uacuum 111,
37. Ε Ι 19, 91. 66066 Ε 1 7, 691
66060 Ε II 9, 130. 660616 (fem.) ΙΙ
4, 96660666Ε110, 9611981.
6111161019, 36.
6611011113,19,66(106018,93
661101 Ε Ι 11, 98.

1111111111113111 131111. 11111113, 91. 4, 55. 6,
94.116111’11(6οι010.)111,9 131.
1103166111, 40.

6630616,1.199 uager A 966. 66-
310616οΕ1 19, 17.

11118611 1113181111 91111 1111 111141111113111198411
gagg (001. 16060.) 113198. uagos 11
11616 Ε 1 16, 1.

66111166 Ε 19, 6. 6391. es. ualidus.

ualeo 19, 39. 66101111, 60 Ε13,
19. 6, 69. 01306. 6610111 I 1,14.
6610616 119, 71. 6, 116. 91181, 60.
66106111,1.731117, 78. 87. Ε119,

49. 8, 13. 111, 189. 66106610 40.
6610116, 110. 11116, 67. 1319. 66-
10610611117, 3. 10, 21. 661111111473.

Valeri (9.06116, 119.

66101611011119, 881. 1114, 10.

val 60 1 10, 89.

661166119, 876 6,.46 Ε18,.7 11,
16. 13, 3. es. 66111166.

uanis 19 96

6660001Ε 1 16, 7.

3339311 11.11. 1331 ¹ ¹‘

Variam Ε1Ι 14.

uariare A 293

Varius 15. 49. 93. 0, 55. 10, 44.

81. 118, 9163 11111,1947.116-

rio A 55. Varium 19, 93.

uarius uariae 18, 49. 6666116 80.

6601οΕ ΙΙ 9, 69. uariae 11.,11 71.

661106 114 183. uarias Ε Ι 101 99.

A. 9 uariis 113, 61.

766060 1 10, 461.

uarum II 3, 56.

6916 uadibus I 1, 11.

11331912, 54. 6601360, 6116111000.)

66106Ε17, 11. 661166111119.

949. uatem Ε II 1, 133. 6610 116,
6. 6161111611 11 1, 96. 9, 89. 109.

A 24. uatibus Ε 11 1, 917. A 400.
66116669 11 9, 91.

6611116616, 36.

uber (000.) 11,1 110.

6610001) 13, 160 61. 6, 71. Π 3,

48. 9906 6,19. 0, 9 109. 11,10 45.
6,6Μ.66ι6ω6.

ubi (temporis) )11, 10. 9, 86. 125. 4,
138. 6, 196. 1111, 71.91,.8084. 3,
960.316.4,07.0,10.97. 1067
47. 79810117738610,

6.6666666,ι
11 119,10,136.

6610616 60 I 969111 3, 34.

6111660119, 60 116, 93

ubiuis 14, 74.

udal«) 1119, 8. 61100 1 6, 81. [61116

610119, 63. 3, 90. 95. 4, 74. 6, 109.

6Μ.6.66666Μ6
949. 999. 6, 27. 31. 71. 6, 7. 71. 75.
ι,61Μ66166636

01666666666
ωΜΜωΜΜΜΜ.

6000106 Π6, 74.

60011361161000.) ),119 100.

uector uectari 16, 59. es. circum

uectari.

ueemens uide uehemens.

uegetas 112, 81.

uehemens 6006ιο66 Ε 11., 9 98190.

6060610610 Ε 1 13, 6.

 

