999 11111811 1118888111

81881111 9, 111111, 9. erus 11 19, supremum Π 17,11. supremo 1117.

98. 818113. 10. 37,4. 11 16, 13. 68. 8811886113, 90.

1119,6. 1116, 1. 8888811938. 881888118118, 10. 88188Π4, 91.

erit I 11, 3. 11 10, 18. 111 5, 32. 10, surdior 111 7, 21. surdiorsE 17, 54.

19. erimus 11 14, 12. eritis 1114, 8111111111 6, 30. surge 111 11, 37. 98.

29. soretIII4, 13. 11118, 22. El2, surgentells, 11.

23. 1818111167.1116,10.18111 881181888111118181ΠΠ19, 90.

11,.8 181111111, 34 90,16 97, 88811196

43. 111110 7.117, 11. 18818119, 88881181Π10108888118681119711.

10. 1888188Ε9, 68. 8881 futurus 8881883188816,16, 88818888116, 36.

11 1, 17, 18181881 I 9, 13. futuri 111 8118111818 suspectu I 17, 25.

99, 99. suturam I 7, 99. suspicor suspicari ΙΙ 4, 99.
1188118119, 9. 8818181119. 19. sume 8881111811119,9. 8881111818Π17,10.

ΠΙ 8, 13. 30, 14. sumere Ι 91, 9. sustineant 1 9, 9.

sumeret 111 6, 37. susurri 19, 19.

881818814,16. 888181881111717. 8888888111994. 811111,17.13,16.

summouet’lllb, 17. summouere 11 11136. 888181116, 46. 81181114,
18, 91. 88188181881111, 18. 66. Ε7,9. 8881Π19, 44. 881811

881818111194,49.8881811119,9.88818,.91 1114, 73. 11116, 99. 119, 3.
818 111 98, 13. 88181888 ΙΙ 10, 11. 9, 30. 16, 9.
8881818134,19.11194,6. 6111811818, 9.

sumptuosi 111 23, 18. Sygambri 1111 14,61. Sygambrosllll

sumptu 11 16, 19. 9, 96.

811 81(81111188888.)11Π9,6. 119, 96. Syr10117, 8.
ϊ81111186181.)19,6.19,6. 18,8. ΠΙ 81168199, 6116, 3. 90, 16.11,9,31.
ἑ, {1⁷3 18ἑ17. 11119, 49. 116, 80. 7, Syrus 81111131, 19.

super (adu.) E 1, 31. 17, 19.

superare 1 12, 96. superantis 1111 11,

1. superante 1 12, 38. Τ·
superbiae 1111 10, 2. superbiam 111

10, 9. 30, 14. tubellusE 12, 9.
superbus E 4, 6. 16, 18. 17, 9. 881181- tabernas 1 4, 13,

burn 11 18, 36. superbamE5,33. 1861111116, 13,

superbo I 97, 31. 11 14, 97. Ε 8119. rabum 186811 6, 66.

superbi OS 55. superbae 128. 32· taces 111 19, 8. tacent 117, 16. tacen-

1811ῧ111ο8 1 101313Ε19ᾆδῖ. 96, 3. 1111 18811110, 1181181186 5, 49.

u’ 8, r sspfissbfffln ’111ΒιιΡθΓ ⁸ 11111ἷὲ1111.1311181888
811181811811118.848811818811818.
8811ἕ1111111718. 8811811811,30. 6, 8881188ΠΠ1,14.ι 8118118111 19,90
superiecto 1 9,11. tuctu 111 9, 11.

8818181111, 99. 88118188Π90, 11. 88868811114, 43.

superstes 119 8 17, 7. OS 42. super· taedium 1 14, 17.
81141Π19,19.16. superstite 111, 1888811134,Ιο
6.8111181811188116,101. 1881811Π11,19.

superuacuos 11 20, 24. tale Ε 3, 19. talium 1111 8, 9.

8811111818Π14, 23. 88111888 1119 1. 111188 1811814, 18.

88111181881117, 64. 188117, 10. 11. 949.

8811111811ΙΠ14,.36 1117,.9 supplice 88188813, 93. 7,99. 19, 19. 16, 19.
111148 8881118880634 88111111· 99, 6. 36, 6. 1118, 99. 1116, 60. 10,
8168811110, 16. 9. 16, 37. 94, 63. 99, 46. 1111 7, 18.

8811111181811194,34.11, 13. 13, 9.

suppositorum. 1888181Η99, 98 Τ88818Π110,1.

881118(111·8811)ΙΠ1916.ΙΠ11694.·

1991390911118. ll 1811688119, 30. 93, 11. 119, 18. III

supremi132,13.suprem0121,3. 16,9.1,ΠΙ4 49. 11116.

 

