w

Viscus (Thurinus) 118,20.

Viselli (qen.) 1 1, 105.
61601619,17.611661114,15.61-
sendus Ε 119, 69.

611616, 84.
611616,199.9,60.111,34.61160
13, 60. 111,60.,4 956 91 69.
ffl1‚9.wwwm.32,
mmAmmmmfflz
95. 18, 50 4334. 1111611111, 60.
4,6ΗΗ6Ή666
m.mnmefflm,m
6,.,.11584Ε11,’8810,33.
6116111111, 61. 611616 117, 4.
uitellus Π4, 67. 611611616114, 14.
uitiatum 119, 91. 6111610111, 56.
6111616114, 54.

uitiosus 14, 9. 61110161] 11, 65.
uitiosum Ε 16, 63. uitiosum '19 11
9, 18. 611106616117, 108.

61116 Ε18, 5. 6165668116, 3.
uitium 1 3, 1. 44. 76. 11 9, 69. 4,
76. Ε118,5. 11111016, 85. El
18, 6. 61111116 14, 101. Ι,19 54.
3 99 7,49 1111, 41. 111, 94.
A 31. 163. 989. uitio 1.. 9, 76. 113,
913. 307. 6, 7 8 50 11119, 906.
Δ364.6111613,39.6111016ι1113,
35. 4, 106. 11118, 9. 11111919, 94.
3 90 98. 61111613, 96. 68. 76. 4,
199. 131. 140. 6, 65. 112, 91. 78.
7619111189519, 17.

uit’o 111169 117, 113. uitat A 930.
998 6116611994. 6110119, 34.
1113, 16. 6110111117, 99. uitare
1111913661161111111441. 61
tabit Ε 1 17, 31611661 A 267.
uitaueris 119, 54. 6116111 14, 116.
6116656113, ’14,

6111116113, 999.

611616113199.

611611113, 314.

6166116 (acc.) Ε 11, 79.

616611 A 69. 61666016 111, 63. 6166-
0101 119, 139.

616016 6,70. 111. 311ομ8 uiuis
11119, 8. 16, 17. uiuit’‚13 49.
57. 4, 98. 1116, 56. 111, 123. ui·
61166119, 48. uiuitis 3' 13, 36.
616661 111, 97. 61661 116, 94.
6166161610111116107. 61661
113,159.1116,66.119,166.111-
116111, 34 68 109. 1119, 10.
17, 32. uiue 115, 110. 6, 93. 97.
ΕἸ6, 67. uiuite 119, 136. uiuere
Μ,1.ΜΗ,66Μ6.0,
99. 7, 3. 8, 4. 10, 19. 11,8. 19. 39
1666166ω66

mmlx VERBORVM

uiuenti 11, 6011586. uiuentem
3114, 10.”11160611111,19.6166·
166114,108616616114631111
9 16711111611113, 1494, 135111-
6166110,441666166111,
98.1.1166611111114,.8161111
’11,3 91. 7, 1011117, 10. uixisse
11, 117. 91916, 11.111,76.Ε1
11, 94. 61111161 1119, 96. uiuendi
118, 6611194161016161616, 130.
616066161611340. 6166611419
6166113159. 61601616110,49.

. uiuos 1 16, 71. uiuae A 318.

mmmmmmsswa
7, 12. 8, 34.

6111616116, 1061] 1 16, 79.
ulciscor ultus 1 7, 2. 6111 (nom.) 11
uleus 6100161] Ι 16, 94.
1111106116,100.711111116,63.7,
666Μ6Μ6Μᾙ6
ulla 1 9. 49. Π 6, 94. 11 I 18, 79.
611661 116, 49. 6111668118, 37.
6111113,105.6116111Ε111,199.
611110111’16,3.611601Ε17,84.
1111116617, 13. 11116, 79. 17, 35.
ultima 96011), 14, 59.

6110111 19, 39.

ultra (praepos.) 11107 (ponpam.)

ultra (11duer5’.) 15, 89. 113, 188. 5,

90.1111,39.6,16.7,89.11443.

11111014, 91. 7,17. 111, 39 3,969.
5,98. 75. ’1,40111111, 99111,

997. ⁴', 167.

6166 611111 114, 49.

11165116Ε111,30.’

ululantem 18, 96.

Vmber 114, 40.··

6161116161) 119, 185. umbr5 1117,

50.16,10.11’9,78. 1116516616,

41. 6111511111 16, 96. umbras 15,

10118, 99.

71651661’119,133.

umero 11, 48. umeri A 40. umeris

15, 99115, 986. 95.

7661116611, 95.

1111916116.) 119, 78. 96 3, 198. 6,

48 8, 18. Elll, 267.

66016 A 398. 399.

661161] 119, 176. 6666611119,

176.6611611115,.4 661111(651,)

11, 60.,Ε11 161.. 9 2,2 16, 71.

unde( (interroq) 14, 79. 9,.69 111,

599,18.31.,3174,1.,.5109

Affi.ffl)'ffl⁷fflsslm

umwmn,QAoewe

 

