258 · 616611 1661166611

mmmumm mmmmmmmman
Haemus Haemo 1 12, 6. 666(661.)1116, 13. E 3, 12. 13. 4,
hmmmmmmmmmffl‚mfflmmnmmmewa

27.32,10. 6666111211. 16. 68. 27. 68. 111111, 18. 1136.
Hannibal 11114, 43. Ε 13, 8. 116661· 16, 17. 17, 63. 66161611 14, 22. hia
belis 1111 816. Hannibalem 1111, 1111 10, 8. Ε 3, 0, 6661 12, 33. 666
2. 1116, 36. 112. 61. 666616, 6. 11127, 61. l}
6616666128,1.23. harenas 111 4. 31. 2, 38. 67. 6, 8. 11. 83. 11,16.13. 13,
Hasdrubal 11114,38. Π6661666161111 7. 16, 26, 36. OS 73. 616 1116, 33.
4, 72. 616 (adn.) l 2, 43. 60. 11114. 17,17.
hasti 611, 4. 6661661 16, 17. 21. 13, 13 (616). 34, 16. 11116. 6
haud E 1, 32. (616). E 6, 47.
Hebri (nom. propr.) 111 12, 8. 6161611614, 1, li 2, 62. 6166116 l 26,
Hebro (66661312620. HebrumIII 13.ὲ11161666111,4. 16,36. 1110,
mm m.nm
1166161Π 4, 10. 1111 3, 22. Hectorem 61661 17, 14. 34, 14,1114, 68. 63. 6,
1117, 12. 6. 1⁷,21111 6, 31112, 31 (616). 6,
Hectoreis 111 3, 28. 37 (616).
hederae 1111 11, 4. hedera 116, 17. hinnitum 11, 16, 34.
Ε 16, 6. hederae Ι 1, 23. 66661161 116 6161 Ε 8, 6.
36, 20. Hippolyten 111 7, 18.
heiulatio l} 10, 17. Hippolytum 1111 7, 26.
Helene 1111 3, 16. Helenae 1 3, 2. Ε hircus E 12, 6, 16, 34.
17, 42. Η6166661 16, 2. Hirpine 11 11, 2.
Heliconis l 12, 6. hirsutis Ii 12, 6.
6616611 2, 67. 6, 67. 66166611 6, 21, Hispanae 111 6,31, 8,21. Hispani 111
herbis 111 23, 11. IIII 2, bb. E 8, 7. 14, 3.
6616666111 18, 3. hispidam 1111 10, 6. hispidos 11 3, 1.
Hercules 111 3, 3. 11118,30. Eli. Η16161111114,46.
31. 11616611611114,1. 11116, 36, 6161611661Π7,20. 6161611161112,10.
E 3, 17. Herculem 11114. 62. 66616 1111 10, 7.
11616616661 3, 36. 1161661611 Π 126. hodiernae 1111 7, 17.
6616611 3, 20. 14, 26. 18, 6. 6616616 Homerus 1111 3, 6.
1111 7, 13. 661661 ΠΙ 24, 62. homicidam E 17, 12.
661661121. 661616113, 36. Π13,13. bominem
Hesperiae 111 6,8. IIII 6,38. Hespe· 11118, 8. 6616166611 10, 2. 12, 14.
11111 36, 4. honestum 1111 3,41. honestae 11 18,8.
Hesperie (661.) 11111616. Hesperiae honor 11 11, 3. E 17, 18. bonorem 1
111, 32. 17, 20. Hesperiis 1 28, 26. 7, 8. ΙΙ 13, 14. Ε 11, 6. honores l
116612, 37. 5, 6. 16, 3(616). 13. 24, 20, 10. 666616611 17,16. 1111 14,
11.111 2430. 1111 1, 33. 6,17 (616). 2. 66661661 12, 20. 11 1, 16. 20,
10, 6. 13,17. Ii 6,101.11,7.21(6ἰ6). 24. 111 23, 61. 6666116661 1, 8. 111
16, 23 (616). 16, 11. 17, 14. 2, 18. ·
Hiber 11 20, 20. Hiberis 116, 16. 116661 CS 67.
liberianum. Hiberiae 1111 6, 28. 6616 11 16, 32. 111 13, 3. 23, 48. 1Πί
14, 60. 7, 8. 66166 ll 17,13.Π18,27. 6616
1116611616114, 3. 13, 20. horas 11 13, 14 661161
6166166632, 23. 17 ,66 hibernum 1216.
Ε 16, 8. 61661661111 12, 4. Horati 1111 6, 44.
mmmmmnmmmmammfflmewfflmm.
1012. 6, 37. 6,16. 8, 3. 14,13. 66116132, 6. 6, 27. 661166661113,
26, 4. 1111 8, 7. E 4, 11. 7, 11. 11, 46. horrendam 1111 14, 27.
6. 66661Π20, 10. 11118, 3. 117, horrescis 11 10, 3.
10.16,36. 1166111363. 10,13. 1111 horreres herreol 1, 3. 111 28, 7. hor·
3, 21. Ε 1, 23. 3, 6. 6, 101. 66661 16161111627. 11111n18.
l, 7. 1221141. 26,10.11. 32, 2, 661116111123, 4. 111324.
1113, 64. Ε1,9. 13, 17. 16,10. horridorum, 10. horridam, 10.
116618, 2. 16,32, 118, 18. 1Π6, 11146616161611131. hor·

 

