1111111 1111011111 215

0111101111 8, 8. orbis 1 35, 311. 111 9. i. 27. 75, CS 22.
010111111011198, 15. 1111 1. 10. 01110111 1 11), 5“1“.
Olympicum 1 1, 3. 011111111 1111 9, 41.
011010111151,111111111111111111. 11101119. 111. 18. 311. 111. 11100198.
01111111 11111,1.0111111111 11. 51. 01111- 111. 1111 ⁴2. 91. 11101111 111 1. 15. 21
nibus 1111 5. 13. 51). 0100111 11, 99.
01111110ῒί0 1111 14. 11. ordinat 1111 11, 211, ordinet 111 1, ’.1.
omitte 111 29, 11. animaris 11 1.11. 0111111011111179.
0111111114,90. 111117. 1511. 11111. 01111110111111115. 9. ordinibus 111
153115. 11119, 51. 4. 71, E 11135. 3. 35,
01010111189. 11011. omnem F. Oricum 1111. 5.
1011. 0111110Ιῖ. 7. 111 1. 15. 3. 59. (1110111111 12, 55.
4,68.5,5.11.35.17.4.21.4. 1111 11τί11100111 111 11, 5. origines 1111
4, 19. 111111. 13,st 0543. 1145.
0111111119,5.16,91.1·19.4.01111101 Orion 11 13, 39. 111111. 91,111. E
131111. 11395. 1111 1125. 115. 111, 111. 15, 7. 011001119321.
57. ο11111111111113.25. 11111159. 1111010110111111111,·.)8. 1111. 01111
0011111111114,9.1111.1.·1. 01111111 111 11,;13. 01101195), 111151.
1 8. 1. 11111111, 15. 11 11. 13. 9, 5. 0111111111, 39. 15. 94.
14. i: 3. 9. 11, 3. omnini 3,.95. 111, 0111111 11111411. ornare 1313. 011111-
3. 1111 4, 99. 1111 1111 3. 33. 011111111111 1111 5. 7.
onem 111 11, 15, 11111111· orno 111 31, 58, 11111119. 12.

8111111911 11. (111111111111.

onyx 1n1 12. 11. 0101112. li 17. 2. 01111 i 111. ·.>.
0111101111 1115, 11), 0111101111, 111Ι Orphea 1 1111. Orpheo 1 2⁴. 13,
opem. 111 11, 11, 01111111 1111 953. 11111 11115. 01111 111
operio ο11011011118,9, 27. 12. 011111 1111 15, 15.

operosae 111 12. ’1. operosa 1111 -1, 111 ore 11 111. 3111113, 11.. 11,-111111,
11. 010101101111111 1, 48. 8. 11Ιέ 2,. εἴ, 1111, 111 ,11111 3, ⁸3⁰.
gffilllfflffisgl 0111111115 19, 11. 01311111811115131111. ossi.
01111111111110111111.111111111188311131011 unguem-naz& 11, .
1111101115,18. 011191111114.33, 08Ξὲ111ὶ11111111έ5,2ἴ11. 0101111113, 11,,
ορξᾩηδιῒᾞ 3. ’.11. oppositis 1 11, 5. 08111111111119111. 111. 01101111011111 ,1.9,

011111 ι.. .1.

ορῖῐέἒὶῗ, 15, 111111, 2 open H ¹2. Othone Ε 4, 111.

2911119198· ‘2⁹⁹ ¹⁶²- ¹¹¹¹⁴⁹⁰⁰· 3111111811,111110111111111111 11.

01*1“’Ῑ1Ῑ31ξξ,, 111. 11 11. 11, 11. 1111111.. ,1.
’ΨΜ 01Ἓῇ 4 14 · 111111 1111. ..111111111111
mmmm ³ ⁹ 01111011111111111112.111. 01111111111111.
0111010111110.5. 0110010111] 1545. 11), „1115 1] 2¹ 111ι 111,
011118ἰι Β 4· ¹· 01111111 01111 Ε 5. 19,

01110 01111111 17, 55. 57. 98. optutum

11111131. optatis 11118, 39.
optume 1111 5, 1.

111110111101111101111111, 19. 011111011- l'·

tior 111 24, l.
01)119ιί881 ²7⁹ ¹⁰· pacisci 111 99. 511. 1111111111 1111110111)
01111111 ’1, 5. 15, 95. OS 37. 0111111 11 1, 111 3⁸ 11,

6· 3121 ¹⁶· 0P0¹1¹¹¹¹ ¹¹¹ Π· Ῑῦ· 1111001111011111111 11115. 19.

0111111,35. 01110125, 4. 1118, ⁵21. Pacori 111 11, 11.
011111 12, 55. ori 111 14. 4. 0111111 Pactolus 11 15, 211.
3584. 1118, 45. 1111 14, 11. 011111 Pactumeius il 11,511.

18*

1111 11111. Paulus 11 111, 18.

 

