mnex 1611661111( 241

61116611Π 6, 14. 11 10, 21. cumae Ι debacchantur († debacchentur) 111

10, 6. curui 111 28, 11. curuisE 9, 66.

6, 93. 6666116161 18, 9.
cuspide 1111 6, 8. debes Ι 3, 6. 14, 16. debeas 11114.
66616611111266. 37. contracturum). debite
666166112,49. 1111,30, 111479. Ι36,2. debiti 116,23 6661161

22,1. Π116,2. custodem ΙΙΙ 16, 28. 32.

6. custode Ι 28, 29. 1111 16,17. 66· debilitati 11. 6.

616666136. 6. IIII 12, 10. decantes 1 33, 3.

6616611 28, 13. 66666111111,39.66666661116,16.9,11.
6]6111661129,8. cyathos 111 8, 13. decem 1111 1, 6. 2, 63.

19,14. cyathis 111 19, 12, December E 11, 6. Decembres 111

Cyclsdcs Ι 14, 20. ΙΙΙ 28, 14. 16, 10.

Cyclopum 1 4, 7. decempedis 1115. 14.

Cydoneo 1111 9, 17. decerpens E 2, 19. 66661616617,7.
cygni 1111 3, 20. cygnum 1111 2, 26. decertantem l 3, 13.

Cyllenes 11 13. 9. (16661 Ι 4, 9. 11. 26, 12. 111 16, 8. lt
Cynthiae 111 28, 12. 1, 9. 13, 6. 666661 111 15, 14. 66-
0666666121, 2. 6661 ΙΙΙ 2026. 6666661 tec. 1111
Cyprii 1 1, 13. Cypriae 111 29, 60. 1, 13. 13, 17. (16666166 Ι 4. 6. de·
Cyprus Cypri 1 3,1. Cyprum 1 19,10. centis 111 27, m.

111161. Cypron 1 30, 2. 6661666111 10, 11. decidimus 1111 7,
Gyri (seriem 2, 17. Cyro 11116, 27. 14. deciderint 1111 10. 3.
01166133, 6. cyr-iles, 6. Cyrnml decies CS 21.

17, 26. decipitur Il 13. 38.

Cytherea 14, 6. Cythereae 111 12, 6. 66611661133, 7.
declines 11129. 7.
666616166616 11 1, 36.
D, decor 11 11, 6.
66661661 H 4. 14. decorare 11 16. 20.
1166116136, 9. neure. 1116,14. decerne 11111, 36. OS 61. 66661661

11661 111 8, 18. 10, 3. decorum I 32, 12. ΙΙ 19, 60.
1166116166 11 20, 13. 1166661611 ΙΙΙΙ 11121322. 17. 66661661303.

2, 2. 66661611Π1,.“16. 66661111 16, 6.
1166661116 1 3, 34. decorae ΙΙΙ 14, 7.
116166116136,13.16. Ι16616116136,17. decrescentia 1111 7, u.

66166166 12, 12. decreta CS 18.
6661661661114, 19. 66616611161111 decurrere 11116. 69. decurrens 111

3, 21. 27, 3. 11112. 6.
666166661116,46. 6666611, 2. 32. 13. ΙΙ 17, 4. ΙΙΙ 16,
66166661 ΠΙ 6, 27. 666166 ΙΙΠ 4, 69. 20, 26, 6. 11110, 27. 14, 40. E 6, 7,
116666611116,1. 66661116 11, 6.

Dauni 1111, 16. ΠΙ 11, 23. 6666661138, 7. 6666661111 12, 17.
Danuuium 1111 16, 21. 6666661166 1116, 32.
dapis 11114, 12. Ε 6, 33. 17, 66. 66· dedicet 1 26, 20. 6661661661 1 31. 1.

pemliirl'i. dapes 111 1, 18. da· dedo 6666111127, 46.

pes (aarum. 48. 3, 6. 9, 1. 66· 6666661112, 20.

6111116132, 13. 37, 4. · 6666666111 13. 2. deduxisse 11116.
nerdense 1 16, 10. 1161666116 1111 14. 666661137, 31. 666661661111

6, 7. 4, 49. deducte 111, 2.

1166111661, 22, 14. 66666611161111416. 6616666
dannomine 111, 34. 1111627. Π11 6, 27. -
Daunus III 30,11. 11666111111426. deserens 11 2, 22.

de 1 1, 1020. 31, 2. 66, 2. 11613. 7, (016166616661611114. 36.

26.13,26.1116,24.11,33, 11117, 6611161117. 6.

21. E 2, 66. 16, 4. defluit 1 12. 23. 6611661128, 28. ΙΙΙ
(1666611611. detine, 12. 27, 66.

 

