1111111 1111101111 299

11115, 30. 11111 Ι 18, 1. 38, 8. uites 17, 20. 1111115 11 14, 9. 20, 8. 1114,
111), 11. uitium E 2, 9. 28. undas 1112132. 1111444. 14,
1111111111 11111111 2,23. uitia 11 1, 2. 111- 20. E 18, 21. undis l 2, 14. 28, 22.

tiis 1 2, 47. 111 27, 39. 111 12, 10.
nito 111111 Ῑ 23, 1. 11111118, 10. 11 2, unde (1111111111.) 135, 36. 111 5, 37.

7. 1111111114, 20.Π1111, 91. uitet 27, 31115, 85.

Π13, 13. 1111111111 Ι 15, 18. 17, 18. unde (relat.) 1 12, 7. 17, 28, 28. 116,

111111111130,7. 9,12,7. 11111.38.13,15. 11114,
uitreo 11111, 3. 1111111111 I 17, 20. 19. 11 11, 25. 13, 15.

1111111 18, 16111 13, 1. undenos OS 21.
1111111114, 8. 1161111117. 7. 16, 11. 29, 13. 1115,
111111111112,54. 1111111136 2. ui· 21112, 7.

1111011Π 1641. 11111111 ΙΙ 5, 8. unguentum 111 14, 17. unguenta 11
1111111136, 16. 3, 13. 7, 23.

1111111111 IIII 4. 10. ungui II 8, 4. 111 6, 24. unguibus 1 6,
111111111111124,11.11Π9,11. uiuus 18. 11 19, 24. 11 5, 93.

ΙΠ 27, 14. uiuat 1 32, 3. uiuere 111 1111311111 E 16, 12.

9, 24 1111111161. 1111111115. unquounxeroE 17,11. 11111111 11,

1111111116, 1. 29, 43. uixit 111111. 17. 1111111111 l, 5. E 5, 19. unctis 1

111111111Π19,25. 1111111165. 268. 11111111112,9. 11111111

uiuitur 11 1613. 5, 69.

111111111613. uiuo 1118, 4. uiuae 11110111165.1111111118,14.1111111
1111114, 7. 27, 23. 37, 13. 1111111448.1112,4.11111128,15.
ulcerosum Ι 25, 15. 37, 13. 11111, 33. 27, 37. 1111111111
1171111111 1111111111 12, 813, 13. 5, 63, 7,5,111111111639.1111111612.
Vlixei 16, 7. 11 16, 60. 17, 16, 22. 1111111111 5, 4. unum 11 12, 15.
ulla 118, 1. 14, 24. ullum 1 24, 8. uno 1 17. 19. 11113. 11,10. 111615.
1111111129. 1111111111 15, 5. 1151111111 12, 7.

1111111114, 8. 11111111 20, 6. 101111111630. 24,
1111111111 11, 4. ultimum 117, 1. 11 46. 11115, 13. uoces 1 14, 10. 1111-

1,13. 1111115136, 4. 11 18, 4. 111- 1111225. 111111111130, 2. uo-

111111 Π 20, 18. 1111111111 16, 18. 1111111132, 16. 111 7, 31. uocabit 11

ultimos 135, 29. 1111111111 3, 45. 16, 22. 1011111111 1111 645. uocari
11111112, 44. 111511111218. Ι2,43. (1815. 111111111118, 40
111111(ρναοροσ.)122, 10. 28,12. 11 (bis). 111111111122, 3115, 5. 75.

18, 24. ΙΠ 29, 31. Volcanus 14, 8. 1114, 59.

111111 (1111111111.)1113, 15. 1625. 18, uolgatis 111 2, 23.

3211111629. 111911111311111111227. 1101111111
nummu, 51. 17, 57. uolgatus 1111 9, 3.
umbilicumE14,8. uolgus135,‘.15. 1113,3‘.7. 1640.
1111111621. 1111610. 11693. 1111,1.

1111111111Π3,10. 111151511622. 11511111111115,19.

32, 1. 115111111630. umbras 111111111117.115111112612.

111 6, 42. 29, 21. uolo uolnte 11 16, 40. uolantem 1 37,
umbrosam ΙΙΙ 1, 23. umbrosis 14, 16. 1111111111116,12.

11. 12, 5. 1110111111113,3. 11121. 17.30.
umero 111, 18. umerum 111, 12111 1111113, 16. uoltis 11611. uelim

2614. 111111011631. 1610. 11 1111638. 111111111223. uelint

20,12. 1111111). amorinum, 1113, 60. 62, 115111111130, 16.

32. ΙΠ 4, 60. 1111163. 11617. 111111111111115,1.1511111817,

17, 74. 17. uoles 1 18, 211 17. 40. 70, uo-
1111111111 12, 10. let 111 24. 25. uoluit 11 12, 14. uo·
umor 1 12, 29. 13, 6. 1111111 12, 31.
umquam 1162. 17,15. 1161519. 7,12. 1111111111127, 4.

1111111129, 38. Volture ΙΙΙ 4, 9.
1111111135, 20. 1111111111 2, 40. 19, 8. 111 3, 3. 1111 5,
1111111112, 32. 1164. 7, 16. undae 11 6. E 17, 18. uoltum 11 4, 21. 111 5,

 

