111111 1111111111 269

ridi ΠΙ 29, 22. horridi I 24, 16. 6, 2. 6. 41. 7. 1. 1131121313.
1111111111 2440. 111111ᾱί111 10, 3. 13. 12 2, 681611). 6, 83. 12, 10. 11.
11111111 11, 2. 16,1.17,1(1111). (18 27. 636667.
1111111111 3. 26. hospitis 11 13, 8. iamdudum 11111. 6. iem nnnc 111
1111ρί111116,22. 1111110. 116, 0,23.
1. hospitibus 111 4, 33. 1111111111 16, 24. 11 14, 7. iambis 1
hospitae 111 7, 9. hospitanti 15‚2. 16,3.
hospitae Ε 17, 49. hospitalem 11 111111111111,10.1111111111111423.
3,10. 11111126,1.1119,20.10.6.
1111111119, 16. 11111, 18. Ianum (Quirini) 1111 16, 9.
1111111116. 11111113. 27.
hostile 111, 21. 1111111111119, 19. 111111112220. Iapyg813.4.
1111111111 6, 63. lenonem E 3, 12. ·
1111111 1118, 21. Ε 6,14. 227. hostem ibi 11 6, 22.
12, 40. 11114, 10. OS 62. hostium lbyeilsslin l.
16, 1. 1116, 6. 27, 21. 11111122. 1111111111, 16.
hostibus 111111. 11111111 7, 13. 1111111111 111 7, 21. 11111 112013.
11111213. ΙΠ1, 34. 6, 6. 111111, 11111211,
9.Ε4,9(1)11).6,3. 21113316, 1111111116,16.6,9.
67. 69. 1111111 11 17, 28. ΠΙ 22, 7. 11116, 36.
1111111113. 26. humanae 112, 49. 1111 1111. 8. 1611. 1111111 11110.
1111111126, 88. 1111111111] 11119, 23. 11166111262.
6. 2. humanos 1111, 61. *hemena Idi 111 20. 16.
Ε i, 88. Idaeis 1 15, 2.
1111111137,32.1114,16. humilem 111111Π10.16.22. 11, 9. 1927. 111
1117, 32. humili 111 26, 17. 30, 12. 12.13. OS 10. 11111111Π1110,7.
211111111111,“22. 1111111111.)1114,67. isdem 111
1111111216,12.1111111116,44.111- 2, 27.
11111111224. 11111, 28. 14, 32. 16111111111119,20.
11630. idoneus 11 19, 26. 111 26, 1. idoneum
Hyedu 16, 14. 11111, 12.
11γά1111111 22, 8. Idus 1111 11, 14, 11111111] 2. 69.
Hydra 1111111. 11111113, 4. 26, 16. ΠΙ 4, 77. 1111 1,
hydropem, 13. 12. E 6, 37.
1111111111112, 6. 111111111123.
1111111113. 13111111134.
1111111111Ιῦ, 14. ignnuen 11 6, 2,
Ηγρεὼ11111Π20,16. igneae 11 17, 13. igneam Ι 17, 2,
1111111113,Ιο
1311111636. 16. 11, 1114, 761114,
1- ininfi¹.i:i⁸·.²,⁹..i¹iiizii:
· ignium 1111 12. 26, ignee (ecc.)1
1111111212, 23. 8,16. iacentem 111. 10161111. 1111 14, 24. igniei
26. OS 61. iacentes 11 11, 14. 12, 47. 1111 2, 67. ignibus 1 13, 8.
12121111111111,34. 27,16. 37,13. 111111. 19, 0. li
11111 1111111218. 11111111413, 6, 82.
1111111Π114, 6411111111111327. ignotus 11 18, ii. ignoti 1111 9, 27.
iaetu 1116211126, 2. ignete23,11.
1111111111114. 66. 11111Η14,61.1111,5. 1111111111113,
11111111111111111Π16,17. 11111111 14. 1111111223. 1641. 1111111111
1111111. 111111111123. 23, 101110, 8.
111111111111118, 12. 1111111222. 11111134. ·
1111111.4.3.1,11.1,10.1,1.11, 111111Ιί1112,17.11118.22. 1111111
1116111111116,1111111, 9, 8.
16, 1. 1191111111. 111111. 0. 11111111 1 15, 36.
9. 8, 23. 121129, 17. 18. 21. 1111 11111 1711 9,18. 111111 1113. 18 (bie).
1, 7. 90. 68 (bin). 316. 4, 7. 16. 69. 37. E 14, 14.

li*

 

