264 55555 vassorum

iunonis 111 3, 3. 11114, 24. iunoni 11555(1155551265.115555111611.
11111. 37. 11 12, 3. iuuenem Ι 2, Laconicas 11 18, 7.
41.1Π7, 4. 11115, 21. 5, 311, 22. lacrima 1111 1, 34. 15551555Π6,23.
1555555125, 2. 1111 13, 26. 1555- lacrimis 111 7, 8.
num 128, 13. 35, 30. 118, 7. 111 lacrimosum 121, 13. lacrimosam, 14.
tas.1s,s.20,5.11111‚a.12,1c. lacunar ll 18, 2.
1555555516, 18. 11 12, 7. 1551151555 ll 15, 4. lacus 11111, 13.
15555155Π12, 15. CS 45. 15555111 laedere 11151, 60. laedentem l 13,
lasum 14, 27. 15. 15555551115,3. 1555111334.
15555155 11 11, 6. 11114, 5. E 17, 21. Laertiaden 1 15, 21.
15555155 155, 7. Laestrygonii 111 16, 34.
1555515512, 24. 4, 19. 35, 36. 1114, lactitiae 1 27, 1. laetitiis 11 3, 4.
50. 6, 33. laetor lactatur Il 19, 7.
15551555111,4.2,38. cal. 11113, 1551551246. 1116,25. ΙΠ8,27.
18.11111,31.112,61.3,37.11, 1. 22, 6. 23, 42. Π15, 31119, 2. lac-
13,3. 15555111,23. 1115555111, 15125, 17. 11121, 21. 23, 43. laa-
15. 1555111233. 16, 31. 1555515 155511257. 1117,26. 1114. 34.
(† iuuerit) 1110, 22. 15555151112, 43. E 2, 45. 1551555121, 5. 11116, 15.
1515511111,21. 1551551Π12, 41. 155115110, 17.
1111413.
1555115111 27, 15. laauom 111 26, 5.
K Lalage 11 5,16. Lalagen 1 22, 1023.
” lambit 1 22, 8.
Lamiae 1 26, 8. 36, 7. Lamias 111
17, 2.
1515555Π2, 2.
Lamo 111 17, 1.
L· 1555 111 5, 28. 1555511 1221. 15555
(plur.) 11 16, 37. III 15, 13.
15555115111 5, 45. langues 11 12, 14. languet E 3, 18.
labitur 12, 13. 13, 7. labuntur II 14, languescit 111 16, 36.
2. E 2, 25. labentis 1116, 3. lapsa languido 11 14, 17. 11123, 21. 112,
11 19, 12. 64. languidae 115, 53. languidiora
1555513, 33. Π11 3, 3. 155551511 14, 111 21, 3.
20. 15555555Π13,33. 11112, 23. languorll‘l, 161111, 3.
111,3. 155555 Ε 1, 15. 17, 24. la· Lanuuino 111 27, 3.
borum 132‚1s.†11 13, 38.1111 4,6. Laomedon 111³, 22.
1555555 17,18. 1114, 33. IlII 3, 32. lapathi E 2, 57.
155551555Π18,39.1111532415. lapis 111 1, 41. 15511155ΙΠ11,2.24,
11114, 45115, 31. 16, 16117, 64. 48. 23, 36.ΠΠ13, 14.
155551555 1116, 60. laboriosi 1117,16. Lapithas ll 12, 5. Lapithis 1 18, 8.
laboro laborat 11 3, 11. 15555551 11 1555115 1 12, 10.
9, 7. 15555511118, 25. laborantes laqueata II 16, 11.
19, 3. 15555551151 17, 13. 111 22, laqueo 11 2, 35. laqueis 111 24, 8.
2. laborabas l 27, 13. 1555555151 lars 1 12, 44. 15555112, 66. (1633.
11 5, 60. 1155511123, 14. 15555Π123, 4. 11
155515 1 13, 12. 16, 13. Laribus Illl 5, 34.
loo lactis 11 13, 10. 15515 lIIl 4, 15. largus llll 12, 13. largi 1111 1, 18.
Lacacna 1111 9, 16. Lacaenae Π 11, larga Ill 18, 6. largis †llll 1, 18.
23. 111 3, 25. 1111 2, 55. 11 16, 53. largiora 11 18,
Lacedaemonii, 10. 13. 15585136.
Lacedaemonium 1115, 56. Larissa l 7. 11.
lacerant 111 11, 42. 1555555511127, 1555155119,3. Π1111,23. 1555151
46. 15555551511127, 71. III 13,8. 15551555 111 15, 12. 15551·
15555155123, 7. 555 Π 11, 7. 15551515 l 36, 20.
lacertus lacertis 13, 23. 1115, 35. lassi 11 2, 44. 15555 116, 7.
lacesso II 18, 12. lacessit 1 35, 7. la· 1515118, 13. 15155111119. 6. 11 5.
555551ΠῙ2, 10. 55. 9, 13. 15155111126 15155511

Kalendis 1115, 1. 112, 70.

 

