254 66666 vuaaoavu

fatigas 11 11, 12. fatigent Ι 2, 26. 16· 116. 13, 1Π3, 44. 1111 9, 21. 1666-
tigaret 1111 14, 19. fatigatum 111 666 Π114,31. 1666666 (accus.) 11112.
4,11. 1611661161116,43. Ι 34166661611123.16666166137,29. “

1616616611 17, 24. 16161 16, 6. 24, furrata 1111 14, 30.
17.1113,16.1113,67.9,12.16.11, 1666661221. 36,46. 1666611111,
28. 11112, 38. 13, 23. 117, 17. 17. 32. 27,46. 11116, 9. 4, 66116, 16.
62. (18 28. 16116 1 12. 61. 16, 63.

16661Π1 11, 66. 1666161111, 2. 16· 16611116Π6,19. 11116,31. CS 29.
nentium 111 24, 46. 1661116 1111 3,16. fertilibus 1116,8.

fauillam 111 6. 23. 16661666130, 6. semidam E 1, 27.

Faunus I 17, 2.11 17. 28. Fauna 111 feruido Ι 9, 10. 1666161611 17, 32.
18,1.1’666614,11, feruidi 1111 13, 26. 16661666 1116,

Fauoni Ι 4, 1. Fauonii 111 7, 2. 9. 16661616 Ι 1, 4. 111 24, 36. ferui-

1666611118, 26. diora 11 11, 14. „

Faustitas 1111 6, 18. 166611 ΠΙΙ 2, 7. 1666666 Ι 13, 4.

fautus 1666116 11114, 26, 1666661 16, 24.

[6661666611 14, 4. 1666611814. 166611129, 46. 1116,

[66166666 1111 1328. 16661119, 13. 7. 1666611 12, 1. 11116, 27. 16616
11,33.11116,38. Ε7,12.17,11.16666110,2.1114,

16166613, 39. 33. 1666 Ι 16, 4.

1666666 ΠΙ 23, 6. 1666666111 6, 17. 166666 ΙΙΙ 29,22. fessum 11 7,18. 166·

16116Π127, 13. 11112, 48. 13, 2111 616114,11.11113,11. 166666112,
12, 26. OS 66. 161166611317. Ε 63. CS 63. 1666661114, 38. ’
16, 631611616611 16, 17. feliciores 16611666 l 28, 36. 16611661Π11 11, 9.
11214. 16616611189. 14,13. 18,11. 16616

femina 1111 1, 29. 1666166611 9, 12. 11128, 1. 166166113, 7166166 1111
femina 111111, 34. 16661616 Ι 16, 11. 6, 42. 11 9, 1. 166116 Ε 2, 69.

(IS 19. 16166 11116. 27. OS 31.

16666611 8, 9. setus 1616 11127, 4.

16666616611 2, 67. 666611 16, 46.

166661666126, 1. 66661112, 26. 616166111ιὸ, 1111

16666611 2, 4. . 4, 3. 666116661 1, 27. 11115. 16.

1666116, 8. 166661113,41.Ε6,66. 6666118, 16.1166,6.11166,66.,64, ’
1666111616. 6911117626. 66611117, 4. fidam

16666116, 22. 16666111Π4, 68. CS 15,5. 666133.4,1117,37.

19. feraces 1 31, 4. Fides 1 24, 7. 36, 21. (1867.

116666111114,16. fides 66616124, 14. 666117, 18.Ε

166166 1111 6, 37. 13, 9. 6611666112, 11. 26, 10. 36,

ι [6616166661111611.166161611,36. 1.1113,24.1114,4.1Π19,12.

ΙΙΙ 11, 43. feriemus 11 17, 32. 16· fidicen 1111 3, 23. 6, 26.
6166111138. 6611114,16. 11124, 20. 666661Π
[6666166161661111 6, 14. 4, 66. 6666166 ΙΠ 3, 69.
sero 166111 6, 3. 9, 13. 1666611 4, 10. 1166811119, 40- fidum II 12, 16.
1111633. 17, 6. 64, 13. ferre135, 6611111116 fige 111 16. ². fixaeE
28. Π3, 14. 6,1. 6, 212, 17. 111 5. 39·
27, 74. 11 1, 16. 1666661118,27.11 1116121141·
10, 2. 166666611114, 27. 1666661111 filia114‚1·2. 16, l· 111 16, 8. 61166
8,6. 1666117, 26. ΠΙ 16, 22. 29, 111 27, 36. filiam 116, 64.
64. 1111116, 111613. 16666166 11116511661119,11116611116.
111, 11. 1666611116, 21, 16166111 6. 6116661614.
1, 9. 16166611 1, 22. 161111 12, 42. 61666616 113, 16.
’ 11 7, 16. 111 6,46. 1616616 ΠΙ 23, l. 66611111111,16. 6666611113,14.
tuleris 1111 8,22. 166166 Ι 7, 23. 16, findere I 1, 11.
13. 1116, 41. 26, 13. 11112,11.Ε fingo 1111 2. 32. fingentmla, 12.
9, 32. 16666166Π129, 34. 1666611 fingitur 111 6, 22.
17,34. 166611661116,11.166611661111, 66166 1 7, 17. 1114, 39. 6611161 19,4.
26.16661666161119,27.16666Π20,1, 6616134,11. 111111,32. 1117,36.
1666616, 3. 16,13. 32, 6. 36,10. 6666618,12. 11,2. 666118,19.

 

