268 monxvnasoavu

1111161611117, 7. 19,10. 6161116114, 7. 111 29,34.
1611111111ὶὸ, 27. 6111161618,13. medios 111 16, 9. 11111424. 166-

11126, 6. 11116, 6. 11, 13. 6111166 dias 111 2, 12. 27, 27.

ΠΙ 23, 16. medulla Ε 6. 37.

6111111118, 13. 1111111608 20. Medus 1 27, 6. 1118, 19. 1111 14, 42.
maritat Ε 2, 10. OS 64. 1161161294. Medum 119,
1611116111111, 6. 6111111117, 7. 111 21. Medo 1116, 9. 1111111166.

6, 26. marito 111 11. 12. 37. mari· Medis 11 1, 31. 1113, 44. MedosI

1111611616. marito1116,30.1s, 2, 61.

6. maritos 11 8, 24. Megillae 1 27, 11. -
166116616119, 6. 6116661111 18, 17. mei 616111 116, 16. 19, 12. 111 16, 33.

11118, 13. 112, 16. 16, 47.
marmoream 1111 1, 20. 6611611126. 16, 28. 33, 13. 111 1,
Mars Martis 111 3, 16. 111111 1 28, 17. 12. 6, 16. 12, 11. Ε 16, 16. 37. me·

1113. 33. Μ11166116,13. 1111111 11616 Ι 27, 20. 1111116111 29, 16.

17, 23. 11 14, 13. 1116, 24. 34. 1111 melius I 11, 3. 11127, 42. 11112,

14, 9. 37. E 16, 23, OS 67. 6611616161.)
1111111111, 28. 1116, 9. 111111111 12, 22. 11 12, 11. 1113, 49. 16, 39.

14, 18. Marsae 1116, 18. Marcii} 24, 9. 1111 6, 8.

17,29. Marsi 1116, 8. MarsisE 1116161 ΠΙ 4, 2.

6, 76. Melpomene 1243. 11130, 16. 111111.
11111111111 17, 9. 6166111111 1, 21. E 6, 99. 17, 17. 166111-
111111111111,39. 11111116Π17, 26. 61111112, 7,

111114, 17. 111111111116, 1. 16661661617, 17. 111, 1. 17, 31. 111
maamares121, 10. 29, 32. E 10, 4.
111116611ΙΗ 6, 37. masculae E 6, 41. 16616611 33, 1. 36, 7. 11127, 14. Η11
11111166111136, 40. 6361226. 6111661661113, 12.
111111666111121, 6. Massici 1 1, 19. mlum. 1418, 1616161611Π17,·1.

1111116611 7. 21. 1111 14, 4.

1111161119, 1. 1111 1, 6. 6, 9. E 13. memoro memorem 1 12, 34.

16. 1611111118, 9. 111 6, 40. 11114. Memphin 111 26. 10. “

14. 6. 20· matrem Ι asan. matre mendax 11 16, 39. 111 1, 36. 11, 16.

I 16, 1. 111, 20. 11124. 17. 11112. mendaci Ε 17, 39.

66. 161111113611. Π8, 21. ΙΙΙ 16661113,6.1119,6.Π16.13. 1111

14, 9. E 17, 11. matribus 1 1, 24. 4, 26. 10, 7. Ε 6, 76. 17. 17. mentis

matres 126, 14. OS 14. 11 16, 11. 61161661116, 6. 22. 37,
materiem ΠΙ 24, 49. 14. Π3,2. 6161116131,19. ΙΠ3.
maternal 12, 9. 4. 25, 3111, 9. mentes 111 24, 63.
Matinum I 28, a. Matinae 1111 2, 27. Ε 7, 16. mentibus 111 21, 17.

Matina E 16, 28. mensi Π 1614. mensis 111 11,6. 1111
611116611112, 7. 4, 69. 1611166111 6, 32.

16, 34. 111116, 27. mensem 1111 11, 16. 1666111 (accur.)
maturet 11 11, 23. maturare 111 710. Π 9, 0. mensis 1111 0, 40. ·
matum 16116111116, 22. maturo 111 6166161661128, 2.

16, 4. 611111166111116, 3. 1111111161 16161116 Π116. 14.

Π114, 66. CS 13. maturior 11 17, 6. mento 11 7. 12. Ε 5, 36.

Mauortis 1111 8, 23. mco mcaris I 4, 17.

“ Mauri 1 2, 39. I 22, 2. Μ11111116,3. 6111611611 1, 16. 31, 11. mercatorem

Mauris 111 10, 18. 111 24, 40.
Maximi IIII 1, 11. 1661111 1 28, 27. ΠΙ 2, 26. mercedem
Medea E 3, 10. Medeae Ε 6, 62. 11111122. 6616616127, 14. ula-22.
medicata 111 5, 28. mercor mercemur 111 19, 6.
mediocritatem 11 10, 5. Mercurialium 11 17, 29.
meditor 1111 12, 23. meditatur 111 6, 1161661161124, 18. 30. 8. 111, 13.
24. ΙΠ114, 28. meditentur 1118. Mercurii 10. 1.111 11,1.
23. meditans 111 26, 6. meditantis merebere 1111 12, 16. merentem 111
11122. 7. 3, 13. 1661111111 28, 16. 1111 2, 36.
6111161Π13,23.1113,46.166(11111Π 661661113626. ·

 

