212 155511 5115555515

14, 15 151521. 16, 5 (5151126. Nereium E 11, 8.

83. 51. 52. 55. 66. 17, 32. 46. 41. 11555551 15, 5.
necessitas I 3, 32. Neronum 1111 14, 14. Neronibus 1111
Necessitas 1 35, 11. 1111, 14. 24, 6. 4, 31. Nerones 1111 4. 28.

11551535, 15531535 55515315 128, 36. 555555 i} 12. 19. 55151118, 11. uer-
5551535551118, 25. 55515351 111 555 128, 13. 555515111 11, 4.
21,10. 555155155 111230. 55515515 555515 111 24, 64. 555515 11121, 13.
ξιξ 58. 5551551551 15, 35. neclecti 5155511111 13, 10. 24, 54. nescies

neco neceto 1 29, 6. 5555155 1 5,11. 555515Π12, 11. 555511

5551511113, 12. 5551115151 1315111 1 6, 6. 5555155 11116, 18.

3, 34. 115551 E 11, 32.

555115129, 5. 555155 E 11, 12. 55515 Nestorei 15, 22.

126, 18. 5515513811. nectendis 5551251. 33, 2. 3514. 36,11.12.

ΙΠ1 11, 3. 13. 15. 16 (bis). E 16, 21. ‘
5515513, 26. 11, 1. 18, 10. 2220, 31, 555512. 41.

5. 11 13, 51114, 68. 24, 2430. 1111 nex necis Ε 1. 18. necem 111 1, 16.

5,22.6,11.11,30.115,81.16, 511Π16,21.111.8.

14. 26. 5165511114, 14. 1111125. 5165111146.
5515511 1 35, 35. 5515515 11 13, 1. 51355 Ε 165. nigri 111 2113· nimo,
553153551611551535. ⁸ 1111458. 5135512218. 11112.
5355535111 12, 26. 55351 129, 10. 23. nigrum 16, 15. 51315132, 11.

negabitis 11911. 553555511111 16, ,11 8, 3. 1116, 4. 513511111 12. 11.

21. 5531151111 16, 31. negatum 51355555111112,26. 513515151. ·

Ii 11, 21. 55351512222111222. 21. 1. 32, 11. E 12, 1.

’ negotio 111 29, 49. 5535551115, 515111121228.12.38,5.1116.21.

53. 55351115 E 2, 1. 18, 11. 111 23, 13. 21, 31. 1111231.
nempe E 12, 22. Ε 11, 1. 08 11.
5551551230. 11, 5111 10. 5. 11,9, 51113, 31. 1. 21. 12 11. 14, 14. 260.
25, 13. 1111 2, 30. E 6, 9. nemorum 113. 22. 24. 111 16, 22. 25, 11. 18.
Ι 21,5. ΠΙ 221. 1111311. nemore 11114. 1311 11, 11. 11. 11, 81.
111 25, 2. 111155 111 3, 18. 1111 14. 46.
5551511128, 16. E 11, 29. 555155 II nimbos 11 16, 23. nimbis 11114, 1. ·
1, 38. 555155 (plur.) 1120,21. 5115151 2. 31. 111 1, 14. 24. 52.
11555515 111 12, 8. 5115151511 12, 5.· nimium (551115.) 12
5555511611] 1, 84. nepotem 111 3, 11. 19, 8. 22 21.11 3, 13. 10. 3. 23.
31. Eli, 8. 55551551235. 111, 1111158826. 11115, 2. nimici
21. nepotum 11 13, 3. 111 11, 3. 55· 18, 15. 33, 1.
potibus E 1, 20. 11151155 1111 6, i.
NeptuniusE9‚ 1. Niphaten 11 9, 20.
Neptunus E 11, 55. Neptuni 111 28, Nireus 111 20. 15. 111155 Ε 15, 22.
2. Neptunum 111 28, 10. Neptuno 51511 16, 9. 14, 15. 112, 3. 14. 11. 28.
128, sniis, 3. 111 11. 12. 21, 63111, 12.
nequam nequiores 111 6, 41. nisus 11114. 8.
nequcll, 32. 3, 38. 4, 3. 6, 5. 1, 16. 511551513. 511511111, 16. 511551
8, 5. 10. 9, 16. 1221. 16, 0. 18, 3. 11115, 8. 511555115, 18. 51155115
20,11.2213.38,6.1,114,18,10, [14.19.111,1.
1. 2. 19. 11, 10. 13. 15. 14,·12. 16, 51116511124, 20. 51116551 14. 9. 111
3. 1. 8. 9. 18, l. 5. 26, 3. 111 1, 25. 1225. 511165 089, 5111615 11111. 19.
38. 3. 4. 5, 21. 6, 26. 1, 29. 9, 6. 10., nitor nititur 111123. 51155155 Eine.
13. 11, 5, 43. 12, 1. 2. 12. 21, leno, 51155119.5.111 12, 8.
24, 36. 29, 46. 11113, 6. 4, 31. 1, 5155115131, 19. 51551111123, 9.
25. 8, 4. iulii. 29. 2, 5. 6. 5, 101. 51555511112, 59. niueo 114,3. ni—
1,11. 9, 25. 12 3. 9. 16, 3. 53. 58. 55551111 21, 25. ·
11,25.31. 5155151512, 1. 5155121. 11125,
nequiquam I 3, 21. 15, 13, 16. 10. 26. 10. 1111 124. 51555111 24,
nequitiae 1114, 18. 15, 2. 381111 1. 1. 13, 1211 les. niues
1151516551Π28,10. 11110, 1112306, 1.

 

