113111 vuassoavu

--—.—

Numeri litteris non notati sermones indicant, E epistulas,
A artem poeticam

Α, 0,11.10,10.111,10.1101011,

a 1 1, 68. 2, 69. 4, 29. 37. 97. 111. absumo absumptis Ε Ι 15, 27.

5, 92. 6, 18. 88. 94. ΙΙΙ, 71. 2, 63. abundd Ι 2, 59. E Ι 4, 10.

3, 36. 69. 320. 6, 62. 83. 6, 60. Ε abeundo 1611111101ΙΙ 6, 89.

Ι1, 163. ΙΙ2,4, 13. , 10 Ι 1, 35. 46 (11111111). 66. 67. 83.
1611,11111).1,0.1,111. 129. 101. 109. 2,a. 11. ea. 11. ea. 1,
5, 55. 6, 83. 7, 22. 8, 5. ΙΙ 1, 42. 43. 62. 78. 4, 3. 46. 119. 142. 5, 5.
66. 2, 19. 3,4. 193. 368. 5, 62. 6, 18. 22. 6, 65. 68. 112. 130. 8, 21.
111. 0, 32. Ε 1 1, 11. 1,11. 10, 11. 9, 13. 10, 11. 59. 112,us.11e.121.
12, 3. ΙΙ 1, 62. 127. 187. 2, 186. A 3, 47. 114. 119. 135. 228. 241. 270.
127.146.147.384. 4, 60. 1. 19. 30. E Ι 1, 13. 93. 2.
abdiderint 18, 43. abditas ΕΙ 1, 4. 3, 32. 6, 38. 7, 38. 9, 6. 16, 46,
6. abdita A 40. 11, 20. 11, 11. 111, 32. 71. 11, 26.
abeo Ι 6, 61. abit Ι 6, 14. ΙΙ 3, 59. 58. 19, 26. ll 1, 208. 264. 2, 143.
abeat ΙΙ 3, 218. Α 201. abeant ΙΙ 197. Α 90. 149. 160. 245. 472.

3. 246. 1611117, 53. 111, 266. Academ111112,19.

abire 10, 1411 ΙΙ 2, 216. abirem 1000111111 3, 164. A 243. accedam
B 1 9, 7. abibis ΙΙ 1, 86. abii 1 111101. accedas 11 5, 72, accedat
1, 108. 111 3, 164. 6, 2. acceder9113,143.
abhinc Ε ΙΙ 1, 36. accedente E 11 2, 211. 1000110111
abicito E 1 13, 7. 1610010 1 3, 131. 7. 118. B 1 17, 12. accedet 11 2,
abiectis E 11 2, 111, 36. accedent 11 2, 85. 1000111111
abigat Ε 1 15, 13. abacta 11 2, 44. 1, 26. A 211.

abludit 11 3, 320. accendis I 9, 53.

abnormis 11 2, 3. 1111110111ιί 11 2, 3. accidit I 2, 46.

abnuere 11 6, 62. cer-crdo accisis ΙΙ 2, 114.

abortiens Ι 3, 46. accipio 1 5, 68, accipis 1⁴] 11 2162.
11600661 abscisum 11 3, 303. 1001ρί1 ΕΠ 2, 33. accipiuntA 260.
abscindere 12, 113. accipias 1 1, 48. accipe 14, 14. 15.
abscondere ΙΙ 3, 173. 38. ΙΙ 2, 70. 3, 46. 66. 233. 307.
absistere 11, 101. 6, 10. accipiebat E I 7, 53. acci-
1610100011 3, 279, pict 11 5. 68. Ε I 16, 28. accepit

absonaA 112. 6,1. ΙΙ 3, 226. 31161112,
absorbere Il 8, 24. 1600160101 113, 28. acceperis 11 3, 67, accepisse 11
246. 6,81.100111111118,67.1000111111
absterrent Ι 4, 129. absterrebitur 1,147. 11283. acceptes E 1,234.
ΙΙ 5, 83. accipiter Ε 1 16, 66.
061111131617637916111111111113, AAcc1usE111,56. Acci110,53.
292, 414.. 258.

achram abest Ε 1 18, 67. Asso. ab· accurrit 1 9, 3.

11111118, 68, 11 2, 199. absens 11 acer 1 1, 68. 4, 46. 66. 10,43. 111,
5. 72. 1: 1 7, 38. 11, 21. absentis 1. 6, 43. Ε 11 1,166. 2, 29. A 121.
11 3, 314. absentem 1 3, 21. 4, 81. 10111 (nom. fem.) 1 3, 66. 11 7, 47.

 

