266 16661 6611666611

42. 1111 11, 30. 1226. E 4, 5. licc- quur 111 25, 18. 1111 2, 46. loqui
511128,35.1115,13. IIII 16, 1. 1113, 7. loquenteml
Licin1n10,1. 22, 24. 166616611267. loquenda
lictor 11 16, 10. 1111 4, 68.
Licymniae Π 12, 13. 23. 16116161 29, 15.
liguum 11 13, 11. 111 17, 14. lignei 166661616111 5, 35.
3, b. 1166161] 2, 43. lubricus Ι 13, 8. E 13, 14.
ligonibus 111 6, 38. E b, 30. 1616611611 1, 28.
6116611666] Π1110,5. Ligurine 1111 Luceriam III 16, 14.
1, 33. *10, 5. lucernae 111 21, 23. lucernis 127, 5.
lilium 136, 16. lucernas 111 8, 14.
1116661264. 11161616 ΠΙ 10, 13. li· lucidum ΙΙ 12, 14. 08 2. 1116111613,
mina 111 4, 10. Ε 2, 8. 11, 22. 2.]66111661113,33. lucidam 266.
limites 11 18, 26. Lucina Ii 5, 6, 08 15.

’ 11166 Ι 16. 24. Lucretilem I 17, 1.

lingua 1111 1, 36. 8, 26. linguae 111 Lucrino 11 15, 3. Lucrina Ε 2, 43.
8, 5. 12, 4. 1111 6, 2. linguis 111 1, 2. lucror 16616166 1111 8, 13.
71116 1661 Ι 20, 3. lucrum III 16, 12. E 11, 11. lucri 1111
1166616135, 24. linque 111 8, 28. lin· 12, 25. 1116161 3, 14. 114, 13.
querc 111 16, 24. liqui 111 27, 43. luctare IIII 4, 66. 1661661661 1, 16.
liquimus 1 35, 36. linquar 1 28, 33. luctuosae 11166 luctuosis 1118. 13.
linquenda 11 14. 21. luctus 11 20, 22. 1661616 11 16, 33.
1111166114. 3. 1111 12, 2. 1116, 27. 11166617,13. 1116661114, 7. 166161
Liparaei III 12, 8. 4, 11. 12, 60.
liquidum Ι 35, 20. 11 26, 2. liquidem ludibrium I 14, 16.
124, 3. liquidae 1114, 24. 1116611116 ludis 1111 13, 4. ludit 1114, 5. 11,10.
16211118, 7. 18, 3. 27, 40. 166616Π5,811116,
11666116666111,6. , 6. 12. 24, 56. 23, 60. ludentem 11
liquor 111 3, 46. liquorem131, 3. 1213. 1661111127, 63. 11119, 3.
Liria 1 31, 7. Lirim 111 17, 8. lusimus 166, 2.
11161116, 64. lilium 111 14, 26. 1111- 1666111326. 1611611111 1, 3. ΠΙ 12,
“ 66611112. 44. 2. 23, 60. ΠΠ2,42. 16661237.
11166 †1 28, 3. 1110, 4. 11117, 10. 1114,11.1udoscsuu.
08 38. 11161161114, 32 11161612, lugubria ll 1, 33. lugubre 11 3, 28.
14. 32, 8. 1111514. Ε 10,21. 111616 16661611Π13, 61. lugubria 1 24, 2.
11 18, 21. 20, 14. E 16, 40. 63. 1116· 1116116611 11, 22.
1166611117, 8. 161616611113, 2. luminali 17, 44.
6166111166 1 1, 23. 1116111 1, 18. luminibus 1116, 28.
liuidollb, 47. 11611166Η5,10. liui· 11166112, 48115, 201116, 1. lunae
11661111333. 1111111618, 10. 1111 2, 58. lunum Il 16, 3. 115. 46.
1661161118, 18. - 17,78.11166145111232161166
locuples 11 18, 22. 11 18, 16. 11111, 13.
16611611 6, 21. loco 1111 12. 28. E 11, Luna 11 11, 10. 08 36.
14. 16661661383. 1666122, 7. 1661666317,37.111661116,1.
· 16616115, 68. 1661111127, 3.
Lolli 1111 3, 33. 1116611618, 6.
longua 1113, 37. 11, 38. 16666128, 16666122, cumulemur. 1666
36111630. longi 11 14, 13. lon· 112, 60. 1116616115, 30. 1661115.
66161415. 11,7.1111,28.·166- 33. luporum 1111 4, 50. 16616133,
6661116,17. 1114, 2. 1666612, alac, 1. 7, 11. 16, 20. 16666117,
37. 11533. 8.1. longini, 18. 3.Ε6,2.12,26.
11113, 27. 1611666111 27, 42. lon· 1111111616Η14,74. 161161111113,10.
gea 125, 7.1171 5. 37. longe 11 12, 1111111611 17, 22.
1. ΠΙ 5, 53. louge 11113, 2. 166· 166116166111126,12.
1116111124, 14. lougiucll 20, 4. 16611616114,24. 0867. 1661161111
11116. 11. 14, 37. 111611611Π 1, 6.
loquax 111 11, 5. loquaces 111 13, 16. 161666 Ε 10, 16.
16666111113,4.1661116161111,7. 16· 1116166661Π18,15. Π116, 6. lucc

 

