155514 455130445'5

35

detrahereilo, 48111, 54. detrahet 1117, 72.19,8. dicende ΕΙ 1,

ΕΙ 16, 34. detractam 11 3, 230.
detrimenta Ε 11 1, 121.
(1311111111) 1 6, 27.
deuersoria Ε 1 15, 111.
deuincticr Ι 5, 42.
denites Ε l 1, 44.
deuolet ΙΙ 5, 11.
1131131131 II 3, 219.
11311311,15.8,3, ΙΙ 7, 21. 8, 62.
313333Ηᾙ343
227. 464. dei A 239. deum 1 8, 3.
(1114, 17. 113,16. 191. 6,.151,
8 75 Ε11,17 18 1011. 11 1,
138.2,152.11373.(1θ(11“1111116,35.
113, 295. 11 Ill, 6 1183. 391.
(1311111 112, 164. 11, 55. dis 113,
123. 284. 6, 22. (13011 15, 101. 102 .,
7,33. 116, 52. 1117, 91. 16, 58.
A.255 (113113, 8.
dexter 113, 38. dextera 111, 54.
Ε 11 1, 205. (13111313, 11131113
12, 12 ,1. (1311113111Ε16, 51. 7, 0-1.
dex3rum Ε 1 15, 5. (1311113 11 1,
18. dexterius 1 0, 45
dextrorsum 11 3, 55
Diana A 454. Dianae (gen.) A 16
(113113Ε111,40,
dicacis 14, 33 dicacis A 225.
33333303333
dicis 11 7, 31. Ε 1 14, 10. dicit Ε
12,1,17,48. (11311111Ε111, 51.
Amdmmffl454w.dt
5m554m51555
113333333313
3, 19. 127. Ε 1 16, 55. 16. 17, 60.
1143, 155. 326. (1101 1,16. 113 3,
3.5,1Ή3.1,334311
62. 7, 60. 8,3. 111, 31. 11141. 111-
001311, 21.,587. 6, 52,,.010
16,8.411’1, 1113,1611.,.71’111
16, 73. 11, 1, 67. 166 252. Α128.
331.(113311113’11112. 1113313112,
33133333331,
8. 3, 66. 166. 5, 55. 84. Α 163. dices
uznfflmzmffimffi
1 8, 15. 15, 13. A 450. dixi 1 10,
1. 55. 115, 23. 515, 7.10,13.
112, 20 (11111) (11111116, 77. Ε1
1, 84. 16, 55. 111, 266, (11131316,
55. (1111311314, 4’1. 113, 2206
30. 1147,1111(3111115,9’7 7, 37’
dixisse 11 3,161.170,1’1328.’41.6
dixer014,15.4 (1113111113, 208.
(1131111111 ’3,256. Ε,111 5711276.
dicuntur A 434 dicatur 12, 5, 3,
4583. (11(1Ε116, 32.18,8,11
43.(113311(111111Ε111’,155.11111311(13

1. *dictu'e 4= dictus es) ΙΙ 8, 2.
dictus 11 2, 134, A 303. 301. dicta
est Ε 11 2, 18, dictum (5053 112,
55. 5545111511542. dictum A
357. 440. dicte ΕΙ Ι. l. dicto 11
333313333Η3
5. A 335. dictis 11 7, 78. dictu A
107. dietum dieto A 273. (11311111,
311313533133
dictis 11, 121.
33Μ133013
dieto dictant Ε 11 1, 110. dictet Ε
15, 50. (1111333111, 7111111311-
1111113,76.(11313113111Ἐ 1111, 49.
(1131311111 14, 10 dictari 1 10, 75.
1113113131 1'1‚55. 18,13.
(11111111267.

diducere 1 10. 7. A 326

(113315, 20. Ε11, 20. 5, 10. 111,
31, A 203. (1131111111319, 35. diem,
1318.,6128,,11283,.6,26.17
1112, 35. 1, 13. (113111, 4. :4591
8, 3 (1111111111 11 2, 55. 3, 124. dies
1’1,76.Ε12,36.7,1.(1131111111
3,1.6 11 3, 143. A 215. 232.
(1111313Ε 1,2,31.1(11631114,48.11
3, 166.(111131311141 (111131Ἐ111,
2’3.11111“3113113,251.11236
differtum 15, 4. Ἐ16, 59.
difficilis A 1731110111133 1281111-
6311311115, 55. (1111131131 10,22.
difficilis 10’, 56.

diffindere 11 ’,1 70. diffissa 18, 47.
diffundit Ε 13’, 8. diffundere¹ 1 ,1,
10.0111“1133(331.1)1 15, 4.
Digentialt 113104.

(11ξὶ1311161) 118, 26. digitis 1111111
dignorEII9, 40. (1133313112, 36.
dignus 13, 21. 4, ’3. 11191, 136.
u1g55114',45.5110,48. dignum
444 4444 4 ¹4
dignitm A 283. ’1113311111 (neurr’.) 11
3,..},451111215. 11138. digni
Ε16,63.Α21.1113113(1111111)110
72. (1131113Ε17,22, dignos 14,
45.,44 51. di aA183. dignisA
51. digueld ll, 161. digmus 11
diiap 31111 1 10, 53. dilapso 15, 73,
1111310111 11172.

diligiti} 11, 72. 111, 260. dilecti
(1111111,1)1 11’1, 247.

(1111111311 (1113113331) 14,13.
(111111113Ε119,47.

(11111111,113 241.(1111113112,16.

ΛΡΝ.

 

