mom VERBORVH

quemuis 1 11, 11. 28,11. 1117, 25.
16, 13. 11, 1711112, 39. 6, 6.
(1555115121,8.11117,2.Ε9,1. 16,27.
(1611115161Π1 1, 17. 2, 31.
(1161111151 15, 9 (bie). Ε 10, 7. 15.
(1161115111,1. 11,8. quantuml
27, 6. 115,17. 111 19, 1. 115, 35.
17, 31. (1161115111 16, 21. 26, 1. 27,

283

1612, 1611121626. 13,2.1. 17.
15, 9. 26. 22. 16,6. 8. 10. 13. 19. 36.
31. 16. 56. 53. 17, 7. 19. 29. 13. 56.
72. 75. 86. CS l. 6. 16. 17. 19. 22.
23. 25. 26. 29. 33. 37. 19. 56. 5351.
57536267. 69 (bie). 73. 71. que-
11115126, 12. 35, 16. 11 1, 3. 1111,
13.-17. 1111 2, 22. 1, 55. 0817. 66.

17. 1656121, 19. quante (555.) queant 1: 11,·25.

1 15, 16. (quentis 1111 11, 19.
quatenus 111 21, 36.
quater 1 31, 13.
(11151111 16, 5. 1113,1. 29, 53. qua-
1111511 1, 7. 25, 1. (1161151111 18,

querella (5551611 12, 12. 11123, 16.

666

querellam 11111,52. querellarum lI

3, 18. querellas 111 21, 2. querel-
115 11 17, 1.

12. quaties 1 12, 56. (1115115111 1111 querimoniae 1120, 22. 111 21, 33.
1, 28. (161515111116,7. quassae querimoniiell3,19.

1 1, 18. 11118, 32.

quel 1, 1. 5. 21. 31. 2, 16. 38. 15. 3,
3. 32. 1, 2. 6. 11. 16. 5, 6. 6, 16. 7,
9. 18. 21. 26. 36. 9, 3. 19. 23. 16, 6.

queror querunurr l} 2, 26. querenti

Ι2, 17. lII 27, 66. querentem 11
13, 21. querebar 1⁴} 11, 12. questus
l} 5, 11. questee 12, 6.

1518. 12, 16. 15. 25. 36. 37. 16. (1115((111515119,7.

11, 6. 18. 15, 12. 11. 18. 31. 16, 26. querulae ((11.6

28. 17, 1. 211. 28. 18,6.16. 13,2, (111561112616.

11. 21,3.16.11.12.11. 22,1.19. (1111(1·5151.)11,19.3,16.18.19.5,9.

616165666666
6666666666
666166Μ166
6666666666

616666666561
66666666ω6
61666666666
66656666666
66666666666

666666666
1666666666
1666666661
666666Μ66
6666666666
66166666665611
eemeuffiueuwwe
66616666166
(66666666666
ιῃωω666666
6166666666
,6666666666
6661666666
6666666666
61666616666
6666666666
66666666166
65161116565161
euufflwmmmme
6666666666
1666666666
6666666661
ωη66666661
6666666661

666656166666

16. 16, 2. 12, 11. 15. 32, 6. 36, 1. 11
13,16. 11, 7. 26, 17. lll 2, 26. 1,
15 (bie). 61. 62. 5, 33. 35. 17. 6. 19,
13. 26. 5. 1111 2, 55. 1, 11. 6. 26, 8,
181117. 16. 1. 11,15.12,16,11,17.
26.·15.111,18.2,1.11.3. 11,111189.
63. quae 1 2,16. 3, 5. 11, 511, 17.
25, 5. 11. 26, 6. 35, 1. 37,’21.11 12,
27. 11111,9. 37. 22, 9. 23, 9. 26, 9.
666666Μ616
7, 8. 13, 19. 26. 15, 16. 135, 15. 51.
91. 8,13. 12, 16. 17,76. 11369.
1111511132, 2. ΙΙΙ 1,25. 1,13. 29,
32. 112,28. 1135. 0326. 5111161112,
66Ηω6666ῌ5
16, 13. 111 1, 17. 13, 1. 16, 13. 29,
12. 11111, 2. 12, 11. 119, 25. Cb*
11. (11151512,33.1,16.9,11.15,
29.16,2.115.21.26,6.1112,11.
3,32.7,1.11112,6.3,1.5,3.6,1.
11 , 21. 11, 7. 1112, 23. 17616.
(1111111112, 3-1. 6, 3. 15, 6, 113, 18.
12, 17. 11122,6. E 12, 25. 13, 13.
quedl 22, 13. ll 16, 31. 11129, 18.
3113. 11116, 21. l} 1, 33, 5, 57. 8,
19. (111513, 15. 1, 19. 31, u. 16. 11
7, 6. 1119, 15. 1111237. 11, 31. l}
11, 5. (11111127, 12. 111 3, 55. 56. 3,
11. 1111 11, 5. l} 1, 10. 2, 21. 11116.
‹mmeuufflwwffi
(111113, 3. 1111 15, 21. quae (s.)lll
11,11,11113,16,16,3.12,1. quaeue.)
119,12. 11111,29. 1: 16, 1335.
queruml 12, 27. 111 21, 16. Ε 16,

 

