INDEX VERBORVM

snimsmsssmm
320. 5, 36. 50. 1,.’.843 65. 161521.
11 1, 118. 1142. 330. 363( (1110). 365
(bis). 396. hoe (0010.) Ι 1, 713. 2, 2.
81. 97. 3, 1. 83. 4, 24. 65. 77. 124.
mmmemmumsm
10, 46. 441, 21. 2, 693, 41. 308.
3214720675736132.
7, 3. 8, 3211117, 1946. 20, 17.
111, 182. Α20. 1101011444 6
89.1101012,08.80.1107.3,10.11
3, 23. 31. 56. 62. 215. 217? 5, 107.
Elis, 5. *11 2, 89. 11110011,99.
112 (bis). 2, 7. 44. 3, 47. 4, 28. 42.
85. 88. 6, 55. 7, 35. 8, 18. 0, 31.
0000000000
3, 141. 147. 223. 6, 90. Ε 1 1, 34.
2, 1163111181. 6, 3. 9, 13 16, 44.
19, 32. 111, 145. 2, 19. 118541.
802781100012, 121. 8, 01. 4.
231436,122.113,1-11.4,.73Α
11. 1100(1110.)12, 54. 90. 3, 4 60.
115. 4, 70 86. 104105. 122135.
1361568621( ,5.6811
13651271233888398.
132. 152. 155. 170. 286. 306. 4, 49.
50000000000
00οΜοΜΜο.0
uwmwmemmmm
18,88.19,10.111,102.120.125.
100001οΜΜο
303 439 11111). 468. 1100 (ubl niune.)
11, 56. 442, 243, 511 110011.
30387294311229906
0.Μ1Ηο.01.ΜΜ1
1101111.) 11, 13, 46. 2, 53. 64. 3,
34. 93. 4, 0. 129. 641. 52. 87. 110.
ΜΜοΜοἭοοΜ0
113, 1488. 49. 611, 11. 442,

24111148 11001.1’,1015.Α’
451. hunul-3, 394 ,63 443, 267.
4, 86. 6, 97. 7, 21. herum (1111100.)
Μο0000οΜ.01.
Ε 1 14, 41. 17, 15. horum (never.
11, 78.116,8.1110(301.10100.) 11
ι2,37. 11111, 214. 14281. (1111130111)
11 6, 38. (rial, uerter.) 14, 56. 6,
71. 8, 36. 112, 112. 11169. Α19.
1108112,92.8,71.16111,6011111)
61. 4401110110211. 1111006110)
lswmsmemmum.m
37. 82. 83. 88. 92. 11 3, 34. 71. 122.
151. 268. 296. 5, 70. 6, 5. 59. 77.
1111, 54. 55. 5, 21. 7, 19. 8, 13.
10, 49. 19, 45. 11 1, 243. 2, 39. 145.
his (051. mose.) 4 2, 11. 5, 55. 118,
79. his (0111. 00071.)1 6, 130. 9, 50.
II 3, 250. 6, 3. 7, 89. 8, 16. 45.

413

ΞΗ, 27. 6, 68. 16, 26. 111, 186.
hic (111111.) 15, 7. 30. 82. 89. 9, 7.
mmmdmfflemw.
memfflmmmmu
ln'ce hosce 1 4, 0. hisee I 3, 70.
ticine huncine 1 0, 72. hiscine 4 2,
11100106112,17.100100111110,71.
11ἒο01101,11,39.11115,1.11101000
hilaris 1111 2, 193. hilarem 111
hi14is144,60.
0011000000000.
86. 93. 9, 16. 44. 11 1, 79. 2, 127.
mmmmmnm
1115Ι hiet 112, 82. hiantem 12, 88
5, 56.
1111001012, 27. 4, 02 1100014220.
hirquinis 14, 19.
hirtumh} 18, 22.
hirudo 0410.
hirundine 1} 17, 13.
historias 43, 89.
hodiel9, 57. 69. 112, 40. 0, 37.
7211171970163311
ho4itorishl 4 18, 36.
holus (norn.)41, 74. 6, 112. 441,
74 (uce.,)442 117. 7, 39. 11152.
17,]3. 15 442,168.
110111000Ιο 11 0, 64.
1100101008119,0.111,50.Α74.
859. 401. Homero I 10, 52.
h0m042, 31. 3, 57. 5, 33 6 29.
7,0.117,117.Α469.1100101011
41192.1ῙΙ10,30.1100111018,
9ΙΙ272.11117,30.110101001019,
47.113,1502791.12,32.16,
48. homines 13, 124. 116, 21. 74.
Α373.110101001011,61.3,30.4,
83.9,.44113,121.7,.675.Ε1
17722615211173142
homineri 416, 92. Α991.
honesta 11 3, 511. honesti E ΙΙ 2, 110.
honestae 11278. honesti 1 2, 84.
honestum (ure. 00011.) 1 3, 42. 0,
63 1] 1 18, 34. honesto A 213. hone-
stis E 4 2, 36. honestos Ι 6, 90.
honestas E ΙΙ 1, 149. honesta Ε Ι
9, 4. honestis Ε 11 2, 82. honeste
11 7, 12. Ε H 1, 48.
110001112,28.3110,89. 11400.
honos 4 6, 83. E Ι 18, 102. Α 09.
honoris A 243. honori A 167. ho·
mmmgmemwfflssn

 

