111111 1111111111 265

5,67. 111111111921. 1111111111 1111 11. leones 1113, 33. 11127,5·2. 1112,

6, 19. 1111111111 17, 6. 31, 23, 26. 16. 33.
lentini 11 7, 4. Latinae 1111 14, 7. 115511113118. 112, 35.

1111111111. 1111 15, 13 La· LesbiaE 12, 17.

1111111 1, 29. 1.11511117,21. 111151111111116,35.
1111111111] 111 12, 16. 111151112611. 32, 5. 111151111334.
1111111135, 10. (18 66. 1111111 12, 1111511111 1. 34.

53. 11114, 40. Lethaeos 11113. [11151111111 7, 27,
111111111ΠΠ6, 37. Latonam l 21,3. letum 1 12. 36. 1111 13. 33. 23, 16. ll

1112312. 1313. 111111122, 3. 27, 61. 1111
hammam, 18. 9, 50.

1111111111 5, 58. Leuconoe l 11. 2.

1111111111 11 4, 13. 11111 I 14, 18. 18, 3. 2510. 111 27,37.

1111111144.22,19.117,18.11110, 1116,48.11111111110,13. 1111111.
20. 24, 38. 26, 5. 21, 26. El. 3. 10, 1111113116.1111111116,15.1
3. 11, 22. 111111 E 11, 10, 2, 28. 1111111111 3, 22. 1111111124,

lum (1111.) latum 123. 3. 11111 122, 19. leuiore 11140. leuiora 11111.
1411111, 3. 11111119. 45, 16, 19. 11111Π 11,6. 1111 628. 11 1634. 11111
17, 31111 1, 16. 4, 23. 6,11. 111111 11 2, 33. 111111 2, 38. 1120. 11.
1129. 152. ΠΙ 1, 9. 11111117,12.117,21.

laudo 111, 22. 11119, 53. laudas 1 1111 1111111111 2, 25. (16 63. 11111111
13, 3. 1111111111 1,17.1111111111111111 11 17. 23. 111111 Ε 13. 17. leuare
1, 27. 11161511117, 1. 1111111111- Π 18, 38. 1113, 10. 17, 26. 1111111-
1111111 11,19. laudantur llll 5, 23. 111 11 11, 17. 11111111 16, 26.
1111111111Π112,47. 1111111522. legis 1111 14. 7, lege

111111111626. 11111113131114, 1111113511. 1111212. 0826.
61. 12, 10. Ε 17, 51. 1111111 111 12, leges ll 15, 18. 111 24, 35. E 11, 63.
3. 1111111111 16, 28. legibus 11124. 58.

laurea 11 15, 9. 1111111111 2, 9. libelli 11 3, 15.

1111111111 1, 15. 1111111114, 19. 30, 11511112,22.16,7.Π13,7. 11121.
161111111112,22. 111 14,2. 111111 21. 11118. 34. Liberi 1 16, l. llll
111, 13. 15, 26. 1151111116, 7. Liberum l

111111 laudem 1111 14, 33. laude 11130, 32, 9. 1111 12, 14,

811114, 67. 3, 28. 1111111116, 11. 11511115111123,14.1117,4.

20, 7. 11113, 20. (16 76. laudibus libera E 11, 16. 115111 Ε 1157, 1151·

113, 14. 21, 3. 1111110843. 111111137,1. 1115,
1,,χο 1113⁹ 23, 22. 1151111 11124, 12. liberae llll

111111111120, 2. leaenae (plum) 111 14, 18. libera 11 11, 26. 1151111111

11, 11, 1111.

liberi 1151111 11 2, 40, 5, 5.

libero 1151111 1111 7, 26.
115111111133, 15. 11 14, 15.

115111 16, 4. 11125, 14. 112, 23. 11-
lenimen 132⁸ 15. beat 1111 3. 30. libens 1114, 23. 3,

’θῗζῃξξῗέἷξὲῇῗᾱ ¹⁰¹¹ste¹²⁷2 ⁷· 11111111311111511123

211151111111·111- 2111111111111 l:
111, 1011111 19J15, 11⁸1 ,θ’ 13} le] 8. 1151111111111 18, 10,

1111111. 1en10r119‚1ss.1en1ter {⁴}fflnffq7lll730 l·
111111. 1 . .

lentus 111 11, 11. lentum 111 11, 1. fflssffll} {²3} Ε Ῑν ¹·

1111111116, 26. 1111111113,8. 11 Lib505311‚10,

111· 1111111111111,11. licentiam 111
leo 123, 10. 11111111 16,15. 111323. 24, 29.

111 23, 13. 1111111112, 11. 11114, Licentia 1 19, 3,

15.1111111111122, 15. 11111511117, 111111111, 16. 111 24, 3. 27, 13. 23.

Ledae 1 12, 25.

1191 11111112, 55. lectum III 21, 5.
leem 06 6.

Lenaee 111 25, 19.

 

