280 mour 1001011111

1101100111010111111,13. 17,19. 27, 11001010112911118,311236.
58. 12 6, 3. 12, 15. 17, 45. 11010111 Ρ1001101101114, 23.
2828. Eo, 14. possumus 1111 8, 1100011001133, 4.
11. 1110110011 14, 8. 26, 10. 1101- 11100110101111111110. 14.
sim 11 17,78.79. possis (1811. pos· praeponere 1 1, 7.
111 111 3, 43. 30, 4. 1101111111 14, 8. praescriptum 11 2, 23. 15, 11.
1011112311.11011011Π114,9.1101- praesens 1 35, 2. 1116, 25. 1115, 2.
set 1111 4, 27. B 5, 13. 32. possent 1111 14, 43. praesentis 111 8, 27.
ΠΙ 4, 58. 1111 13, 20. 11010111127, praesentibus E 1, 22.
22. praematuram. 11011111111 praesidinmll,2.111,l3. praesidio
14,19. potuero 11111, 3031. po· 115, 13. 11129, 62.
1111110 Il 4, 19. praestes 1111 5, 38.
post (praep.) 1 3, 29. 12, 33. 15, 35. praeter Ι 3, 4. 6, 20. ll l, 24. 6, 13.
18, 5. 111 1, 40. 7, 6. 9, 6. 21, 13. 14,23. 11127, 31. 113, 9. 11,3.
11114,45. 8,15. 13, 21. 11599. 16, 40.
post (ada.) 111 20, 3. 24, 30. praetereunt 1111 7, 4. praetereunte
postero 1 11, 8. 1101101011130, 7. 1111,20. 1110010101111111111111113, 22.
posteri II 13, 2. Ε 3, 11. 11101014,4.1111 12, 3. 112, 57. pra·
posthae 1111 11, 33. 111111 18, 11. 27, 29.
postis 1: 11, 21. postibus 111 1, 45. 1110111111 24, 52. praua 111 3, 2.
1111101, 1100010100, 1010010100.
postmodo 1 28, 31. 11115, 33. E 17, 41. praees 111 10,
postquam 114, 9. E 17, 13. 131111 1, 8. Ε 10, 18. 1110001111

1101101001116, 22. 29,58. 11586. 17,53. CS 70. .

Ρο111111101114, libis). precibus 124, 17. 28, 33. 1111
1101011113, 1. 6, 10. 1112514. 23, 5,13.

41. 30, 12. 1111 10, 1. OS 1. potenti 1110001137. 31,18. 11111,2(11111.

15,15.1117,15. 11011010011118, 1302001. precanrur12,110.

12. 11127,33. potentium 1111 8, OS 3. ,

26. 110100111135, 23. OS 53. 1101011- prehendo prensus 11 16, 2.

tior 1111 1, 17. 110100110111116,10. prelo 120, 3.

11010011011101Ε2,8. 111011111ΙΙΙ29,30. 11115,24. pre-
10110015111115,73. 1111111111 18,4. premam 1: 1,33.
potior potietur lI 3, 20. premant 1 31,9. premerer 1114,18.
†potis 111 17, 13. 11011011113, 2. E premet 1 4, 16. pressal 14, 10.

16, 17. 1101101111 15,13. 1101101011 11129,4. pressum111112,14. presso

14, 28. 11112, 10. 6, 23. 1101111112, 127, 8. 111011οΕ 2, 15. 13, 6. pre-

42. 18, 6. 119, 18. 11128, 1. mendo 11 10, 3.

110101101011111111 11, 17. potabis 120, 1110110101111 6, 32.

1. 1101111111 13, 5. poti 111 15, 16. pretium 111 16, 8. 24, 24. 11118, 12.
11010111 20, 20. pretio 111 19, 5.
praebes 111 13, 12. 111-0011111116, 17. Priamus110, 14. Ρ1101111115,8.111

111111,26. praebente 11119,7. 3,26.40.11116,15.

1111 14, 34. Priape F. 2, 21.
11101000011117,11.11100001101Εθ,8. primus13, 12. 1111111. 9, 17. 21.
praeceps 1 7, 13. praeeipitem 13, 12. primum I 32, 5. 11 13, 2. 1116, 18.
1110001110124, 2. 1111111011 7,5. 1110101117, 2. pri·
1110000011114, 12. 11111 1117, 23. 1111100011116,31.
praecordia F. 17, 26. praecordiis Ε primos 1111 14, 31. primis 111 13,

3, 5. 5, 95. 11, 15. 5. 114, 15.
111006011120.7.11114,50.Ε 10,21. princeps Ι2,50. 111 17, 7. 30, 1.·-1,

praedae 111 27, 55. praedam 111 111100111111111 3. 13. 111111011111 16,

6, 11. 13. principe 1 21,14. principum 11
praefero 1110011111111113, 41. 1, 4. 1111 14, 6.
praefluit 1111 14, 26. 11100111101111111 principium ΙΙΙ 6, 6.

3, 10. 1111011111 10, 4. 0851. 11110111115,
praegestientis 11 5, 9. 8. priores 11 8, 18. Π1 17, 2. 1111
praegnas 111 27, 2. 3, 5. prius l 3, 32. 12, 13. 83. 18,

 

