INDEX VERBORVM

1111111111 AB 4111111110 1101011110.

ι ·-—-——--

1· significat uarias lectiones 11011111110111 'm cuniculum neu recepias.
¹ significat commutas iu cumcxuuu receptas.

Α, acerra 111 8, 2.
accruoa (1111111.) 112, 24.
a! 127, 18. 11 17, 5. Ε5, 71 (bisi. Achaemenes 11 12, 21.
a 1 21,14 1111 5, 12. ahl 9, 22. 28, Achaemenium ΠΙ 1, 44. Achaemenio
10. 36, 4. 37, 13. 16. 113, 3. 21. 1113, 8. '
16, 27. 1113, 47. 4, 17. 5, 43. 14, 111111ιί11111 15,35. 11011111011113, 5.
4. 16, 4. 22. 17, 1. 5. 11. 10, 1. 20, Acheronta 13, 36. 1113, 16.
16. 27, 2. 12, 58. 11114, 14. 53. 141111101111111114, 14.
50. 8, 18. 31, 15, 16. Ε5, 23. 8, †AeheruntiacIII4, 14.
13. 10, 13. 17, 24. 11011111111116, 4. Achilleil 15, 34.
abdidit 1111, 38. abditae 111 16, 5. 1117, 14. Achillem 114, 4. 16, 20.
abdito 11 2, 2. Achiuos 1111, 27.
abeas 111111. ahi 1111 1, 7. abita Achiuis (edicet.) 11111, 18.
111 14, 24. ahira E11, 20. abeunte 1111111114, 26.
111 6, 44. acinaces 1 27, 5.
abigunt 111 24, 40. abacta 115, 20. Acrisium 111 16, 5.
abnegat 1 35, 22. Acroceraunia 1 3, 20.
abominatus Elii, 8. acuit 111 20, 10. 1111011111 8,15.
abrumpere 1111 7, 27. 1111111112, 21. acuto 1 0.-1. 34,
abscindere 1:16, 35. 1011161113, 21. 15. 11111111 1114,3. acuta 11127,
absum 1110111115, 2. 1111111317. 61. 11111111134. 11011116, 7.
35, 20. ΙΙΙ 16, 37. 24, 64. absint 11114. 76. Ε 17, 10.
1120, 21. 11111111Π127,57. nh· 11111,6. 22. 17,15. ’23,6. 20,8.
sentite E 1, 18. 11151111). 11 12, 25. 1114, 75. 6,
absumet lI 14, 25. 40. 7, 5. 20, 58. 30,13. 1111 4, 56.
111113.111111111111. 1, au. 31. 111. 0, a. aa. 1111.
118, 7. 28, 10. 1120, 23. 1118, 27. 15,15. 111, 13. 2, 52. 4,12. 5, 75.
aa, 11. 11. 1. 11, 11. 11, 14. 11. 11118. 11, 11. 1111. 111.
accedet 1111 2, 46. 12. lu, 40. 17, 14.
1110111111114, 14. adamantina 1 6, 13. adamantinos 111
01111111 Ε5, 61. 24, 5.
accipio acceptus 0862. 1111111111111111111111117, 11.
accipiter 1 37, 17. addis 111 21. 18. additis 111 5, 26. 111-
aeeuhat 1111 12, 18. 1111111111 20, 61. adde 118, 17. ad·
1111112, 33. 11111122. 14,13. Eu, dere l 16, 13. 1111111111 111 2, 30.
14. 12, 6. 16, 5. acris 14, 1. acrem †4,38. additus ulnus. adcumull
120, 2. 11111112, 1. 1112,2. u‚·.>1.19,13.128‚1u.
acrium Ι 6, 18. ucria Ε 2, 31. 12, 11111111111114,11Ι adduxere 111112, 13.
25. aerior 13111. 111 5, 25. 117,13. adedo 111110111120, 36.
1101111117, 17. adeo aditure 110, 1.

 

