250 ruoux 1111101111

6, 22. (1101119, 9. 111 3, 18. 14, 6. 24. Π12,24. 1819111122. 6,
11Π2,51.5,1. (11001Π8,11.16. 18. 15, 9. 24, 10. 2337115, 53.

1.1114,47.111114,34. (10110010, 17. ΠΙ 5, 45. 6, 2. 9, 1. 5.

(10 Ε 17, l. (111ἰο III 4. 41. (11111128, E 17, 33.

17. (11111 19, 9. 1015111. (1110 dorm (1011011111 2, 20. (10001οΠ1 22,
117, 14. 68347. (1111012825. 8.(101101131,18. (10001Π16, 27.
34, 4. 11 12, 18111344. 12. 2. 10. CS 30, donare 11118, 12. 12, 19.
38. E 15, 13. 16, 27. dabat 111 9, 3. donarem 1111 8, 1. 3. (10010010 1111
darem 1111 15, 4. duret 1 37, 26. 2. 38. donatum ΠΙΙ 3, 20. donabe-

· (10111112, 29. 9, 14. dabimus 1111 1111111213. (1011001101Π112,9.

2, 51. (11101111112, 39. (laturus donum (10110111 8, 27. 1111 9, 42. (10·
11112, 3. 0843. daturos 111 6, 47. 1111 l: 3. 13,

‹lcdiE 17, 19, (1115111244. 31, 9. Dorium Ε 0, 6.

Il 16, 39. ΙΠ 29, 54. 11116, 30. (10· (1011111125, 8. dormirem 1114, 18
(1010111111 6, 7.1111 13. 23. dederis (101 111 24, 21. (1010 11110, 56.
11117, 20. (10101101111, 2. dutur (101101112419.

E 16, 60. (10101 111 11. 39. (101011 dracones 1111 4, 11.

20, 3. (1110112, 51. datum 111 Ι)101(11111114.10. Drusum Η114.18.
7,17. dato 111 4, 41. 5, 46. dotis (1115110112, 35,

, 13, 35. (10111011) 5, 85. (10111111119, 36.

(10000 docentem lI 192. (10000111 111 draco (10011 1 15,5111117, 5. ducitI ,
7,19.(100001011114,8. (1000111116, 4, 5. *111 17, 5. 27, 42. 11114, 60.
21. doctus 121. 9. 0875. (10011111 5, 36. 8, 34, (1001111127, 2.(100101
6, 38. 9, 10. doctae llll 13,7. (10010 118, 12. (100010112,12.·11113,34.
1118, 5. doctarum 1 1, 29. doctior ΙΙΙ 11, 14. 11117,6, 12,14. (lucen.
11124,56. 11111119, 38, (110111001111.

(100111111111, 1. 11116, 43. (100111 ducentia E 14,3. (10001117, 22.
0845. 111 22. ducatum, 9. 11127.

(10010111116,25. 76, 113, 5. auxitanum. duci

doctrino 1111 4, 33. l} 4, 18. (1000116111 17, 63. ductum

(10101111 4, 73. (1010111133, 1. (10100- 1113, 29. (100101 ΠΗ 6, 23. ducta
10111111 1, 41. 11114,62. dolitura 111211.

Ε15.11. (1110111111 14, 18. (1001101115, 38.
dolium Ill 11, 27. (10110 E 2, 47. (10011111111 15, 8.
(10101Ε15,10.(1010115011117,64. (1010111259. 11 12. 13. dulcem 111
doloso 11 1, 8. 111 27, 25. dolosi 1 1,19. 1111 111. dulce 11. 2. 2123.

35, 28. 24. 32, 15. II 6, 10. 7, 28. 111 2, 13.
(1010101 10, 10. (10101112, 34. 25, 18. 1111 12, 28. E 1, 8. dulciI
(1001051111111114,41. 16, 23. 17, 10. 30, 7. 37, 11. 1113,
. (101111000118, 19. 12, 13. 11127, 65. 38, 111 12. 2. 13. 2. Π115, 12. E 2,

1111 14, 44. (100110111135, 6. 47. 5, 56, 9. 38. (10100111123, 7.
dominus 111 1, 36. 38. 16, 25. domiui dulcium llll 1, 4. (10101116, 15.

ll 13, 12, (10111111οΠ15,8. domi· 111 8. 0. 9, 10. E 2, 40. 16, 35. (101·

num II 4, 6. 14, 24. dominos 11, 6. cia 1 13, 14. dulcibus 11 13. 18.
doum domat 127, 14. (1011101111 10, (1011112, 17. 4. 7. 0, 9. 10, 11. 11, 7.

7. (10101050112, 0. (101011011114, 16, 26. 22, 10. 34. 2. 37, 6. 11 3, 15.

72. 8. 22, (10111111101209Ι (1001115 10, 2. 11, 16. 12, 26. 1113. 37. 40.

11118, 18. (1011111011 12, 54. 11 7.18. 11, 23. 50. 17,13. 20, 9. 21,

12, 6. 24. 30, 8. 11112, 49. 12, 26. ll 13, 4.
(10010114,17. 7.12. 1112,8. 14, 15,7.

21. Π13. 26. 16,12. 11115,21. (10110111114.63.29,23.

11, 0, 12, 6. E 2, 65. (1011100110,8. (1001101116, 7.

15,5. 29.14. 1117,29. 19,7. (1010101117.(101101131865.(10·

1111 1, 9. 2, 17. E 2, 40. 62. 5, 25. 1110011124, 39.

11, 20. 13,16. 16, 27. CS 74. (11111001113524.(101101Π11456.

(1011101329. 11117. 11, 21. 18, (101οΠ12114.(1010111124,19.1112.2.

2. 5, 12. 12. 24. 119, 3. (1011115011 11111,7. duram 111 7,32. 1111149.

22, 22. (10111011 15, 30. 28, 5. 35, (10101111 1, 40. duro 111 11, 81.

 

