284 5555( 15555555

55. (15155515, 12. 7, 5. 31,9. 35, 1.13,18.14,9.111,5.15.4,17.5,
37. ΙΙΙ 11, 7. 24, 12. 11114, 18. 11, 3 (bis). 49 (bis). 12, 1. 17, 30. (155
13111, 5. 16, 39. (16 7. quosll, 127,11.11110,5(5151.19,7. (155
3. 13, 18. 14, 10.]15, 141113, 11. 12, 26. 27, 12. (155111 19, 5. (1555
4, 8. 1111 2, 14. 17. 4, 51. 5, 26, 11, 11 1,33. (15151263. (1555111252.
35. (1555116, 9. 11 14, 22. 11114, (1515 (1521115.)Ι18,7. 111 27, 45. 51,
74. 8, 6.15,13. ,11 2, 37. 5, 21. (1555 113, 1. 6, 15. (155111 14, 19. quid
113,15. 18,14.22,7.31,7. 1112, 11115,7. 11 15, 12. (15151619.
21. 111 5, 49. 25, 2. 29, 54. 1111 7, 32,1. 1111 2, 45. 9, 9. 113,19. qnos
20.8,14.9,1.12,21.13,14.119, 112, 51.
9. CS 3. 49. quibus 111 25, 3.E5, (1515(155151117,27. 9, 2. quicquam
63. 11, 22. (15751111,9. 112, 18. 28, 4.
(151115155159.)11 1, 33. E 12, 7. quisque 11 13, 13. 111 16, 21. 1111
quia 1111 9, 28. 13, 10. 11. 5, 29.
quicumque I 35, 7. 1113,2.1113,53. (1515551511 1, 25. 2, 23. 10, 5. ΙΙΙ 24,
4, 14. 11 15, 17. quaecumque 1 21, 2511112, 1. quioquid 1 1, 10. 10,
6. 116, 8. (1((55.,.555((1551 27,14. 7. 11, 3. 24, 20. 27, 17. ll 13, 9. 111
quodcumque 111 29,46. quom... 16, 26. 115, 1.
55551551914. 16, 2. quam... quiuis quiduis 111 24, 43.
cumquei 6, 3. quodcumquol 28, (15514, 17. 38, 3. 11 3, 9. 11.·111 1,
25. quocumque 11121, 5. quicum· 38. 3, 70. 11, 49. 13, 17 (bis). 18.
..(5.11...11..115.1.1 5551. o uuo· 1 1
ί11515155 (1515151 31, 7. quietum 1 12, quocumque 1116,21(015).(155’...5551-
33. quietis 1113‚3o. quiotos 111 (15517, 25.
29, 40. quietiore 11 10, 11. (15οά l 12, 31. 20, 2. 25, 17. 118, 17.
quilibet quamlibetE 11,23. quidlibet 16, 25. 18, 23, 111 6, 5. 11, 46. 16,
137, 10. (155110511113, 38. 44. 1111 3, 8. 22. 24. 11, 18.Ῑ 12, 7.
(1515110, 1311 13, 37. ΠΙ 11, 2111 11815.
5, 91. 6, 3. quodsi I 1, 35. 111 l, 41. E 2, 39. 10,
quindecim OS 70. 21. 11, 15. 14, 13.
Quintiliuml24, 512. quondaur 11 10, 18. a
Quintius Quinti 1111515511) 11 11, 2. quoquo I 15, 26. 16, 22. 27, 9. 28, 21.
quintus quintil 13, 16. ΙΙ 16, 20. 1114, 66. 13,13. 29, 16.
quippo 1 31, 13. 1111 3, 19.
Quirinus 1113, 15. Quirini I 2, 46. quotannis E 16, 43.
1111 15, 9. Ε 16, 13. quotiens l 5,5. 1111 2,26. 9,40. 10,6.
Quiritem 11 7, 3. Quiritium 11, 7. quotquot 11 14, 5.
llll 14, 1. Quiritibus 111 3, 57. quotus quoti lIl 19, 7.
(1515 (interrog.) I 5, 1. 6, 13. 18, 5. 6,
24,1.26,3.27,21.22.29,7.1011
1,29. 7, 3. 23. 11,18.21, 16, 19. R,
111 19, 0. 29,25. 1111555155). ,
20. 27. 7, 17112, 37. 16, 23. (1555 1511151513, 11. 15, 12. (1155, 26. 11
127, 21. 111,36.1ΙΗ10,7, 14,1. 12, 9.
(bis). (15151813. 9,13. 24,13. 555555511511.
26, 5. ll 11, 11. 13, 33. 16, 17. 18. radix 11 5, 68.
17, 6. 18, 23. 32. 111 24, 64. 27, 58. rudo 1555111 16, 54.
1111 8, 22. 113, 5. 5,9. 61. 0,1. 8,2. 135511 (11355115) 1111 1, 17. Raetos
15. 12,2. 16,24. 17,·36. 53. 00. 11111415.
(155511 17,36. 55155112, 3. 5511 1555511213. 55515113, 11.15,9.
2, 29. 5, 4. 1115, 27. 27, 7. 1112, 11 2, 50.
22. (1555( Ι 2, 25. 3, 17. 11, 1 (bis). ruuue 115, 19.
12, l. 3. ΙΙ 7, 25. quidI 12, 13. 14, rapax 1 34, 14. rapacis 11 18, 30. ru-
2. 31,1.2. 35, 34. 35. ΙΙ 11, 1. 13, psoium 1111 4, 50. rapacibus 11
13. 111 4. 25. 53. 54. 55. 7, 1. 8, 2. 16,20.
9,17. 11,.’10 24,33. 35. 27,19. 28,1. ..155511 2821. 1111 14,46. rapidum
29, 27. 11114, 2. 5. 27. 37. 0, 15. 8, 119, 12. rapidos l 12, 9.

 

