236 11111 1111111111

5, 55. 11, 47. 111619. 1111111111 1111111111113, 16.
14, 28. 15, 5. †E 2. 18. alius 111 7, 25. E 11, 27. CS 10. 1111
11111111 12, 13. 1111111 ΙΙ 13, 40. 1112252. 1111136. 8. 111618.
1111111111 15, 9. 1111111111 10, 9. 11125, 8. 11111 27, 13. 11125. 1111
1111111111 am. agitatus 1 1229. ll. 33. 11111 7, 1. 111011 28, 17.
agitato 111 1214. agitata 111 1, 24. 11111 I 3. 4.
agmen 111 8, 18, agmina 1111 14, 29. 1111111111 1, 20.
11129. 111111111ΠΙ2, 9. Allobrox 11 16, 6.
1111111259. 10, 24. 1226. agnam alloquiis 11 13, 18.
11 17, 32. agni 14, 12. alma 1111 5. 18. 1111111242. 1111

. ’ 1111ΠΠ11,8. 111111111213. 15.91.111111111117,7.111111111

1111111121. . 2411111089. 1111111114,42.
11111 14, 2. 1111 ΠΙ 7, 8. agunt 117, 1111111122, 14. aluere 11111, 6.
17. 1111111121, 111111125. AlpiumEl‚ll. Alpibus 11114,17.
11112217. 323. 1111, 22. 111 14, 12.
4,1. 27,62. 1111 1231. 11111111 6, 11111111 17, 6, Ε 16, l. 11111111111
44. 11111111] 17, 81. 11111111 16. 24, 22. 11111111111110, 6. 11111111
23. 11111115, 89. 6, 7. 1111121. 111614. 11111110867. 111111
161127. 1111127. 318. 1111 111234. alterutnum. 1111111
212111111111254. 11111Π 25, 11115, 31.
2. agendae 1111 ll. 14. aotus Ill 7, alterno I 4, 7.
11127, 11111136, 8. 1111111111114,10.
agrestium 111 1, 21. 80, 11. agrestis ultus alta 1116, 62. 111111111 6, 3.
1111111. 1111111319. 19,1. 1112314,
1111111116, 5. 37. alto 11119, 42. 1111112111
Agyieu IIIl 6, 28. . 11, 13. F. 9, 3. 1111 111 1215. 1117.
Aiacem 11 4, 5. 55. 111111 16, 18. 1111112, 7. 1111
Aiax (Oilei) Aiacis E 1214. Aiacem 2, 26. altas Ε 2, 19. 6, 7. 1111 111,
11219. 1. 1111111225. 10, 7. 16, 47. 17,
alas 1117, 25. 1111 11 12, 5. 70. 111111 111 5. 40. altius 111322.
Albani 1111 11, 2. Albanos 1111 1, 19. 1111111117, 28. 29, 34.
Albanus 0854· Albanis Ill ⁸23, ll· 11111111 l: 13. 11. alumni 11123, 7.
albescens 111 14, 25. alumnis 111 18, 4.
1161111114, 4. 4 aluo llll 6, 20.
Albius 11111133. 1. · Alyatteilll 16, 41.
Albuneae I 7, 12. amabilis 1114, 5. amabilem I 5. 10.
11111117, 15. 11127, 19. E 7. 15. 17, 119, 13. amabile 11111, 10. 1111-
23. 11111112, 27. Π 3. 9. album 11 51111 1111 3, 14.
20, 11. 1118, 6. 11111135, 21. ll 2, amara ll 16, 26. 111112, 19.
15. 5, 18. albis CS 49. amator 111 18, 1. amatorem 1114, 79.
Alcaei Illl 9, 7. Alc-aee 11 13, 27. 11111111111114, 20.
Alciden 1 1225. malleo 1111111135, 5.
11111111, 6. 11111112258. ambiguo Il 5. 24. ambiguam l 7, 29.
11111242. 1129. 16. 1114, 78. 12, 6. ambitiosior 1 35. 20.
11111.10. 11,·26. 1161111167. 111111111Ε6,71. 1111111114. 5.
1111111 11 29. 10. 11114, 1. 11111 1 1111111111) 8, 11.
6, 2. 1113, 61. 111Ι 6, 24. l: 3, 14. ambustus 1111 11, 25.
10, 1. 1524. alitasE5, 100. ali· 111111 1111111112, 33.
tibus E 17, 12. antoanam.
Alexandrea llll 14, 35. amicto 1111111112,31.1111111111222.
1111111111 2 67. amicitias ll 1, 4.
11111111210. 1111111126, 1. 111, 18. 1116. 50.
Algidum CS 69, 1111111226. 111 11111111126. Euo. 11111111
23, 9. 11111, 58, A. 24. amico 1111 7,19. 1111111111
11111 ΙΙΙ 5, 46. 17, 2. 111, 4. 25. 6, 43. 1111 6, 41.
1111 1116, 23. 11 10, 9. 1111111111, 21. amicas
1111111184. 111 5, 59. 11 14, 9. CS 71. amicior 11 1, 25. amica
alium (†allium)E 3, 3. 1112, 1.

 

