296 runnu 1111111111

> turba 1 1. 7. ΙΙΙ 1, 13. 2616. E 697.

turbam 1 10, 11. turbas 111 1, 41. V.
turbidus 111 3, 5. turbidum 11 19, 6.
turbo turbarat Ε 15, 8. uaccae 11 16, 34. 11112, 53.
11111111511111111117,7. uaqo 1111111111 18, 11.
turdis E 2. 34. uacuum 1131. 18,15. 1111 15, 8. ua·
turgida 111 13, 4. turgidum 1 3, 19. 11111115, 10, 1111 14, 36. uacuum

turgidi 1111 12,4. turgida 11 1021. 111 25, 13. 11111116, 19. 32, 1.
turmam 1114, 43, turmae 11 4, 9. 11111113, 21. 1111111116, 26.

(153811111111 1622. 1111 14,23. uae 1 13, 3.
turpia 111 5, 6. 27, 53. E 8, 5. turpis 1111111117, 12.

(911111311619. 1111111131, 19. 1131112611. 11111111111114,13.

1111111117, 12. 11127, 30. 119. 15. 1113111218. 1113, 9. 1111111127.

turpi 1 33, 9. turpes 1120, 22. tur· 16. uagae 1 28, 23. uago 111 13,

11111137, 9. turpior 11 8, 4. 12. nagal 34, 9. uagas 111 21, lt).
turpo turpant 1111 13, 12. turparunt 11114, 2. uagis 111 20, 21.

113,Ιο 11111131, 12. 115, 1. 1117, 27. uu·
1111111111 16, 1. turres 11 10, 11. 111· 111111] 5, 62. 87. ualere E 11, 11.

111(11111.)11116 7. 1111111614. ualentiam 111 25, 15. Ε 17, 4. ua·

11111611Ε17,70. , 11111111Ε16,3.
1111111111Π8, 2. 11111363361. 1111ςί119, 5.

11123. 3. tura 1 19, 14. 11111, 22. ualidus 1114, 53. 1111111131, 17.

2, 52. 1111111115, 29. 11111117,17.1111,
Tusco 111 7, 28. Tuscia 11Π 4, 51. 47. Ε 2, 11. 1111111 17, 11.
Tusculi E 1, 29. uultur uallum Ε 9, 13. ’
tutela 11 17. 23. 1111 6, 33. 14, 43. 111111112641. uanae 11111. uano
tutor E 2, 22. 123, 3. uanae (nomin.) 111 24, 36.
tutus 11 10, 6. 11115, 17. 1111111 2, uapor E 3, 15.

25. 11111111 17,5.11 2, 21. 111 16, Varine 11 8. 2.

7. 2663. 11111ΗΙ4,17. 1111111 1711111161,

27, 18. uariua115, 12. uariis I 1215, 18,12.
11111Π115,6.1117,50. 11111623. Varus 11111118, 1. E 5, tu.

III 22, 5. 1111 15, 1. Ε 1, 31. 5, 75. uastata 1111 4, 47.

1111111111 11113, 24. 1111 17, 21. 111111 1111111111 14. 30.

11113, 21. tuae 1 15, 21. 1111 1, 16. 1111111362. 1120,3.11119,5- 1111111

10,2.11,22. i} l, 24. tuo 113. 21. 11624. 1111644. 1111111614.

17, 72, tuae 1 1532. 115. 5. 111 15. uate 1111 623. 2166611111] 1111

2. ΙΠ15,5.· 1111111111, 15. tuum 3, 15. 8, 27. 1111111111, 35.

Π111,26.5,31.118, 12. 115125. 1161111120, 7.

7. 1111 14, 9. Ε 1,4. 1750. turi 1111 1161111111 4, 14. ubera Ε 2, 16. 8, 8.

12, 21. Ε 14,15. 1111111613. 13, 1650.

16. 111111110, 16. Ε 10, 15. tuos uberes 11 19, 101111 15, 5.

1111632. 14, 33. 1111161115, ubi(adu.to‹·i) 11111. 116, 3.]1.

726121111112.1111112675. 1731261613.

tuis 11 17, i. 111 7. 10. 24, 4. 29, 4. ubi (temporale) 11 1, 10. 13, 33. IIl 6,

11116,21.Ε17,23. 41. 27. 69; 1111 5, 6. 7, 11112, 67.
’11111111116 28. Tydiden 1 6, 16. 5, 91. 11, 19.
tympano 111 1610. tympana 1 1611. ubicumque 111 27. 13.

Tyndari Ι 17, 10. udam 111 2, 23. udum 111 29, 6. 11111

Tyndaridae 1111 8, 31. 132, 7. 115, 7. 7, 23. E 10,19. uda

Typhoeus 1114, 53. 1 ’1, 13. 22.

tyrannus 11 17, 19111 17, 0. tyranni uel 7, 2. 12, 6. 23, 10. 11610. 7. 25.
1 35, 12. 1112, 7. 3, 3. tyrannos 11 1112. 16. 1, 4. 11112, 13. 18 (biri.
13, 31. 2137. 11363. 61. 9,17. 20. 32. 13.

Tyriae 111 29, 60. Tyriis B 12, 21. ·17. 11. 1. 15, 23. Ε 1, 27. 2, 50. 8,
Tyrrhenus 111 10, 12. 'l'yrrhena 111 18. 12, 2. 17, 61.

20, 1. Tyrrhenum 1 11, 6. 1111 21, uectigalia 111 10, 40.

4. 1111 15, 3. arctis uectae 111‘26, 7.

 

