960 11111511 1555511111

111411γί5 OS 14. imperiosius I 14, 8.

Ilium 1115110, 14. 15, 33. 111 19, 4. imperitare 1 15, 25.
ΠΠ4,53.1110,13. 1155511515135,16.1111,6. imperil

1715111155 11 17, 11. 0837. 2. 26. 111115, 14. imperio I 37, 8.

1115 I 19, 53. 24, 9. 116, 13. 21. 13, 1. 1114, 48. 5, 4. 1631. imperiis 1111
8. 17, 8. ΠΙ 5, 32. 6, 15. 7, 5. 9, 99. 1, 7. 14, 40.
21,9.29,41.11Η4,40. 6,.9.13 impero 11555151 11165

8, 7. 9, 51. 13, 6. 112, 1. 9, 29. 1115 151551151 OS 51 impetrato 1Π12, 42.
1Π4,49. 1110,11 11115111111311555151111128.11114,10.111155411
180111)1111139.12,19.Π11,13. 111111551555115111615.
111115151511514.1111115.155155151515. 1111545511.
1112,.911155111,9.1226112, 1499

’ 7 135 ΙΠ26. 3,.33 11113,.3 115515115ρί51119, 22. 1116 9 151-
11115111417. 11115, 11. 1115111 5111511819 11118,.17 5551515127,
17,.5 111151115, 13. 11151116, 63. 7. 151515111Ε10,.14 1515151117, 22.
1111111.)Π111,42. 119, 6. illisos) 11114, 46. 1111511Η11, 17 Eis
1118. 33. 151515111323. Η111,30.31. im·

111151Π24, 17. 11Π1, 21. 25. E 19, 51551114 49. 27, 1. 115511511124
17. 16, 49. 25. 115, 84. 1515111111, 30. 11513

111131151551113,11,151155155127,1155151151117,59.

23. 111151153125. 1155115515115, 15.

1111511111119, 14. 1155155115115111, 19.

11155 Π1111. 9. impono rmposursseffl 4, 52. impo-

1115111511Π114,6. 1351511323.55551115511114,

Illyricis198, 99. . 76. 13, 14. 115551145111Π14, 12.

1111555112, 4. 20, 8, 111 27 40. 1515· importunus 1111 19 9. importunam
5151124,15.11115511155118,11.1631.

17, 16. impotens197,10. 111,96.11130,3.

1111551ΙΠ30,3. 151515111112, 5. E 11555155651116,62.
l9‚1 1155115511Π27,10. imbres 151511155151116,20,1515151114113,
17,18.119,.1 112, 30. imbribus 19. †impressa11118,10.

11 16, 54. improbaturum 11 5, 8.

imbuitl 19, 16 imbutum E 5 65. 11551555 1119, 22. improbae 11124 62.

1111115111 12. 42. 151115151Π112, 57. impudens 11121 49.50.111113,4.

1511555111111115.11515555151114,1515551551116,58.
43.111151555127,.6 1151555151111 1155555117, 5. 31, 15. 1Π19, 33. 11
14,15. 11, 59.

immemor 1 1, 26. 15, 30. 11 13, 19. 1155515111 11 16, 44.

immerentis 11 13, 19. E 7,19. imme· imus imo 1 35, 2. ΠΙ 11, 27. 11 11, 10.
1551111161. 1515 134, 12. 15111110,20.1114,

151515111551Π6, 1. inmeritsm117, 1. 19, 95. 1111551111, 15.

. 98. inmeritis198,90.1119,91. 15(5515555111.)12,40.45.6,18. 7, 8.

151515151511124,12. 8, 16,13,6. 14,1. 16, 24. 19, 9. 26,

imminens 11111, 5. 1515115551514, 2. 27, 1. 28, 8. 30,4. 32,.2 33, 6.
5. 1511515551551ΠΙ27, 10. 151151- 95, 99. 99. 36,12.17. 37, 15112,
555111112, 53. 6. 31921. 5,4. 7,1.159,

,15515511111645 4.23.13,3.12.1416,25. 20,10.
1551165133, 2115, 10. 1111, 56. 1134 3,21.45.51. 4,
immodiceeil9 10. 21. 67. 5, 16. 556 20. 7, 29. 8,15.
1115151515 14, 11'. immolabiturE 10, 11, 34. 35. 47. 16, 8. 94, 45. 47. 25,
23. 1515151515 1111 11, 7. 2. 29, 36. 42. 1111 1, 9. 23. 2,23.26.
1151115511 11123, 17. immunem 1111 39. 56. 4, 2. 9. 28. 4,11.62, 10. 5.
12, 23. 13, 28. 14, 3111, 24. 2, 32. 39. 53.
11555111Π6,5. 11555115551111, 18. 5,4.53.6,11.7,12.10,14.19.13,
55551511111913.·15155111133,10. 8.15,4. 16, 95. 29. 17, 9.10.18.81.
impedire 14 9. CS 67.
115551155111Π12,2.1155515111ΠΙ7,15(5151551.)12,42.4,11.5,1.12,5.
14. 1555155Π116, 10. 6. 11529. 16, 23. 17, 17.19. 2113.

211.

 

