200 10111111 0011000111

0110111001οΠ16,4. 54. 0010110114,1. 0010010111

011101 14, 6. 23. 3. 25, 16. 26, 0. 30, 13, 5. 0010111 2, 7. solutus 11 2. 4.
7. II 19, 20. 1114, 20. 5, 20. 6. 20. 5, 71. soluta E 10, 1. soluto E 12,
7, 7. 13, 2. 24. 35. 26, 2. 29,15. 8. solutae14,10. 001010οΠΙ 4,
38. 56. 1111 1, 24. 13, 27. 14 , 32. 62. 00101101152311117, 161111
OS 41. 2, 12. 0010110 (s.) Ι 30, 5.

singulos 111 11. 42. solus 1111 9, 20. 0010 11119, 13. solo

singultus 11111, 74. Ι 25, 10.

1 0101011012, 18. οοῐ1110011111127,42. 00101111οΠ11 1,37.

01010110100111 Ε 9, 20. 0010000111 1, 21. 11, 38. somnum ll
0111001000 I 2, 51. sinebant ΙΙ 15, 18. 11, 8. 111 1, 21. 21, 4. somno 1114,
sinus 111 27,19. E 10,19. 0100111 E 1, 11. 0010000 l 25, 3. 11 16, 15. Ε 2,

13. 010011 18, 27. 01000 Ι 33, lo. 28. 5, 06. 14, 3.

Sisyphus ΙΙ 14, 20. E 17. 68. 0001100 I 1, 24. sonitum 11 1, 32.
011101110110, 10. Sithoniis 1 18, 9. 00110 sonant 1². 13, 3. sonantem 11 13,
siticulosae Ε 3, 16. 26. 1114, 57. 11110, 2. 0000010 Ε
011110 Π 2, 14. ΙΙΠ 12, 13. 9. 5. 10, 12. 000011 E 17, 40.
0110011113, 49. “ 00000 E 17, 17. 0000101117, 201111
situ 111 30, 2. 3, 20. 000011 13, 38.

010012, 33. 35. 41. 4,12. 6, 19. 12, 00001124, 5. 00001οΕ5, 55.

55. 13, 11. 15, 25. 16, 3. 4. 22, 5. 6. 8011101010. 2.

32, 7. Π 14, 11.12.ΙΙΙ 21,2. 27,61. 001010001110,7.11 17, 46.

ΠΙΙ 2, 17. Ε 17, 39. OS 15. sordidus 1 28, 14. ΙΙ 16, 16. 00101000
0011110οΠ10. 8. l 1112, 17. sordidum 1111 11, 11.
socerum inraso. socerorum 1115,8. 0010100011 1, 22. 18, 28.
0001000011119, 4. 001011 24, 6. lll 14, 7. 001010 111 3,
0001010 ΙΙΙ 24, 60. 00011 1 7, 26, 64. 001010011 0, 16. sororum 110.
Socraticam 110, 14. Socraticis 111 15. sororibus 111 19, 17. 0010100 l

21, 0. 26. 12. 11111,40. sororibus 11117,5.
000011 Ι 25, 10. 111 18, 0. 0000100 I 0010113,27.οο111οΠ1111,22. 001101οΠ

27, 7. 37, 4. sodalium II 7, 5. so- 10,14. οο11011116,32.24,16.Ε14,15.

0011500136, 511118, 2. 00111101 111 1, 15. sortiere 14, 18
00111112,46. 5,40. 14, 5. 0010. 0011110114, l.

00110 18, 4. 22. 22. 11127, 12. 1111 000000 Ι 36, 4. 37, 18. 00001110111 8,

15, 15. 001001110, 12. 0010 11 16, 14. 00001101 28, 27. 0840. 00001-

19. 11129, 20. 45. 0010011115, 8. 1011111114, 10.

0011500 Ε 2, 41. 15, 13. spadonibus Ε 0, 13.

801 111 6, 41. OS 0. spargit 111 18, 14, spargo III 19, 22.
00101125, 14. 0011101111 6, 20. 0011110 spargere ΠΙ 15, 6. spargens E 5,

112,13. 26. 0001000116, 23. spargent lI
solido I 1, 20. 001101 ΠΙ 3, 4. 15, 7. sparsisse 11 13, 7. spargier
00111101 00110 112, 17. 1111 11, 8. 0001000111120, 14.
sollemnis 1111 11,17. Spartacus E 16, 5, Spartacum Ill
sollers IIII 8, 8. 14, 10.
sollicitas IIII 13, 6. 0011101101 ΙΙΙ 0001101 11. 6. 11115, 11.

1, 26. 0000100011127, 55.
00111011001000118,4. 0011101100101· 0000100010111115, 102. spectaculoE

bus E 13, 10. 5, 34, 000010001οΙ 28, 17.
001110110011129,25.’ 0011101111111114, 0000101 11 2, 24. 00001010001111

17. 00111011001117,9. sollicitam 14,17.

11129, 16. 0011101101 35, 5. sollici· speculo 1111 10, 6.

1101111 1, 14. specus 11100, 2.
solor solantis 11 5, 7. 00010111 1, 21. ΠΙ 2, 24. 00010010,
00111101 18, 2. ll 7, 12. E 16, 10. 0010 16. 30, 2. 00010010 ΙΙ 15, 17. 16,

1112439. 401113, 50. 0010100116,13.
soluo soluat 1112, 29. 00100 E 17. 7 spero 0001011 5, 11.1110,13. 000100

(bis). 45. 00100101 27. 21. ΠΙ 21, Ι 13, 14. 1111 7,7. 0001010 1 37,11.

22. 1⁴: 9, 38. 0011101113.20,11112. 1111 11, 30.

 

