288 1111131 1311333111

65. CS 30. sanguinis E 7, 4. 16, 9. scribare E 11, 2. scripserit 1 c. 14.

sangnincm nn 2, 14. sangnine 1 33115311316, 1.

8,9. 36, 211 1,. 29. 12, 3.Π14, 34. scyphos E 3, 33. scyphis I 27, 1.

6, 34. 13. 7. 22. 8. Ε 5, 19. Scythes 11 11, 1. 1111 14, 42. Scythen
3311133Π111,19. 1111525. 8371533135,9. 1118,
3311111311 7, 26. 23. 24, 9. CS 66. 8361133119, 111.
sapiens 1 7, 17. sapientium 11111, Scythicum1114,3t3.

16. 21,14.31161131113111 16,·11. 1111 secernit 111 3, 47. scccrnnnt11,32. ¹

9, 48. secreuit Ε 16, 63.
66666661666916 666 69, ,6, 333311 1, 14. 3331113111 27, 75. 114,
116113361331 11, 6. 11. ssct011114, 61. 33311316, 18.
saporem 111 1, 19, secanda 11 18, 17. ,
sappho 11 19, 66, sectamur 1111 4, 51. 3331311 1 38, 3.
sarcu1011,1l‚ secundumE7‚9.

966616666696, 6, 1111115333311111111111112, 18. 3331111113
6616619, 66, 112, 51. 1119, 23. 333331151116,

satelles 11 18 34 331311113311116,9 33 33 1131123311Ῑῦ 50 11161111
satiatem, 97’ 1133111114 36. 3331131113 11 10 13.

111131111313111313 13,11.11111,119.31.11.11.

1111, ’66, 66, 7, 16, 6,,66 67, 696, secun 11114 20. secures 1112 19.
1, 31. 17, 19. , 3, 12. CS64.

SaturniII12,9. Saturno 11 17, 23. ἓξὲξζῖἳὲῗὲ 3125, 8,

..233332 Satyrisl1,31. 161919169996196919
222221 ¹ ¹4³ 5· ¹¹¹ ¹⁰³ ¹⁵· 1' 33] 131111.1311111131
“ 1 1 6 6 s

6361033113 ’161111 saxo 11 13, 31. 1111 {33333'133‘13 2,1,,3,1,,6.,91,,,8,,9,. 19

31. 33311 11, 13. 111 111, 11111, 9, 8, 1. 1,, ,6,, 1323. 116113.

666 6616636· {⁷43² 2232 ¹ ¹3²⁹· seces 11, 10. 31, 11. 113, 6. sedem
⁸ ' 1:138. scdell3,6. 3311331113,

’666666661666663311133111113333111111
1618.

scandit 11 16, 21. scandant 1111, 38.

scanderet 11 19, 22. scandet 111 :ggfiffl 14} 6466] ” ’6

3⁰· 1· 131111111111111311. c 13.
3111911119 111 22112· sedo sedare Ε 12, 9.
scan 1⁴] 2, 59. 3311111113 1 38, 6.

111111111111112123 seges 111 23 6. 3393113 111 16, 311.
33111331 12, 31. segetes 1 31, 4

scelestum 1112 31. scelesta 114 17. 3031„ 111 66 66 aegaeam 66 66
33313311117,1.31313313311111,39. ,emen-2446 231311152323,
3331631229. 33911111‚25.F7‚ 69,69,6’8, 11112,60.3,1²1,219

18 33313113122, 1. 35, 33. 33313· 18. 19’ 11, 66639 15, 15 (13 23
13311112459.8311131113119,2.
33131131 15, 24 1117,25. 9,10, 331311- ,6666666661 6’7, 66,
1131131113, 72 333131111655.
8919111196Ε’Π,1.’666666061Ι3,3’“.),

31111131137,3ὀ.11119.1116,33.,6,,,66,16,10(1113) 27,16, 96, 10

24..62111’18.·5 33,1.111c,.‚.'331331.3..’.1110
331343111727331343313111114,22.6,66,9 6661619, 6161696

1131111117, 17. 33131331114 4233113 11111’1, 69 616, 15 1’7, 66 OS
111,1.11114,13.1113111111 9,,67

3113- senectae 116 6. 3311331113 11 11,.
Scopas 1111 8, 6. sancctum 1 31, 19.
scopulos 1 3, 20. 3336111113 ῙΠ 7, 21. senectus 11 16, 39. Ε 8, 4. 13, 5. se·
Scorpius 11 17, 17. nectuti OS 46.
scortum 11 11, 21. , senex II 9, 14. seni 111 19, 24, 33111111

 

