mnnx 111-1111011111 151

11111114. 11111111. 11 1311. 1111111, 3, 111-16,1. 1. 11. 1,1,
3811111). 11110. 3. 113, 1. 11,11. 13.11.11.1.11113,6.1111111666.
duris 11111, 67. B 6, 30. 17. 16. egregius 111 11,18. egregii 1 u, 11. 111
(161Π13, 6. 1111 11,11. 37. 11111111- 161.
1111111111.11111111111131111, 1111111136, 33. 1111,1. 1111,“.1. 11,
131114. 11111011,61. utu-11. tul—39, 11.
10,13. 117,1. 1113, 11. ducibus elaborabunt 111 t. 13. eleboratum
ΗΠΒ. 16. 1111111111,11. 11116, 1111, 11.
13. 11Π16, 13.· eligit 111 6, 16.
elegos 1 33. 3.
elementa 11111, 61.
Ε, Eleus Elea 11111. 17.
1111111111 11, 11. 1111 11, 17.
ο611ι137, 11. elocuta 111 u. 17.
1111111316. II 18, 1. eluere 1111 11, 10.
16111111 Π 11, 11. 11117,11. emancipatus Ε 0, 11.
eece 1 16, 17. emirabitur 1 6. 8.
echinus E 618. 111161111111 16, 11.
111111011111111111, 61. emptor 111 6, 31.
1113111313Ι edacis 11 11. 18 eda· enuuigunda 11 11, 11.
cibun Ε 1, 31. Enceladus 1111, ut.
1110111111 15, 11. eneruet 1: 11, 1.
Udo edit (= edat) E 3. 3. enim I i. 18. 116, 13. 16, 3. 111 16, t.
ido odite 1 1, 1. 1111 6, 6. 7, 16. 11, 33. 13, 3.
edomuit 1111 5, 11. Enipeus 111 7. 13.
Edonis II 7.17. enitescis 11 8. 6.
educit 1111 1, 13. 111161111161111117,17. 111111111Π3. tu.
effero extulit Ε 1, 13. eneis 1 16, 10. 111 1, 17. ensem 1 37.
efficax 1111 11,10. efficacit 1: 3, 17. 13. ente E 17. 71. enses 1: 7,1. 111-
1111111111 17, 1. ses (1111111.) 1111 16. 19.
1111111111113, 43. eo it 1111 6, 7. eunt 11 11, 6. eat 111
esser effere E 17, 37. 10.·10. 1111111111 tuat. i 111 11,13.
11681111111411. effugerit 116101. 60. 11, 1711111 1, 16. 111 16,·1. 17,
effundo effuderit 1111 7, 11. 16. 13. tt 16,11. nuntium E 4, u.
eget I 11,1. egens 1111 3,10. 111666. 161111) 1.1. ibit 111 10, 6. ibimus. 1
11011315· 18, 11. 10,1.13, 3. 117, 7, 16, 11 17, 10 (bis). iturus E 11,
26. 17, 3. 11,1.11. 1111, 33. 6, 18. 30. 11111111111 35. 13.
21. 11,11. 14, 11. 17. 13. 11. 11, 6. 1011161111.) 113, 16. 111 1, 38.
111.11.3ο,1.11111,11.1,11. tun. Eois 1 36, 31. E 1. 61.
6,11.1,10.11.11.11 11,16. 16,11. Ephesum 1 7, 1.
17, tt. mei 111 30, 6. mihil 11, 1. epulis 1 36, 16. 1111 8, 30. epulas 111
13,6.14,17.16,16,10,13.31,17. 11611161,
31, 16. 116. 13. 7,18. 16, 31. 171. equali 16. 36. 111 11. u.
13.3.1113,11.1,11.14, 13. 16. 36, eques 1 1116. 111 tt. 11,11. E 1, 15.
16, 11.17,46.13,61.30.16. ΠΗ 6, 16, 11. 17, 71. equitem 111 1.10.
13. 8,3. 11,1.11. 13,10. 111, 111111.17. εφιί111111111,10. 111.
1. 11,11. 11,1.16.18. mel 1111111110.
1, 13. 30. 36. 6, 13. 7, 10. 13,13.16. equino 111 t. 31. equina Ε 8, 8.
11. 17, 13. 13, 1. 6. 8. 11, 3. 17. 13. 1116111118, 6. equitare 11,11. 11 3,
1.17, 3. 1811. 31, 16. 16. 3313. 11. equitauit 1111 1, 11.
38, 7.117, 13. 11, 13. 11. 17, t. 13. 6611611111 3, 1. equo 111 14, 61. 1111
17. 17. 18, 11,10, 17. 13. 1111,6,3. 6, 13. 1111111111 1161111111. 11,
1631113. 16,1. 11, 1647. 1118. 11. equorum 1 16, 11. equos 131.
16, 1. 13, 6. 66. 61. 1111 1,13.1,61. 811 1, 1111] 3, 11, equis 1 6, 3. 7,
16. 13,10. 16, 1. 111, 31. 1, 49. n. 11. 16. 16, 9.·16. 111,11.1113.16.
.3.68.6,76.6,1.8,7.11, 1111130.

³³2 1. 1,1
1. 1.. 1. 11. 111. 11. 11, 11. 11. 11.. emunda 111 11, 11.
me (1111111111. 11, 1. 11 1,.11. ergo 1 11, 1. 11 1, 11. n 1, n. 11,11.

 

