rnnnx 1611666111 289

Ee, 67. 1666111822. 16661611111,7.3.32.3,23.13,13.16,8.24,13.
28,19. ’ 32,1.112,10. 6, 21. 6, 9. 8, 1. 3.
1661161132. 10, 17. 14, 5. 17, 6. 14. ΠΙ 3, 7. 65.
1661156111 14, 2. 5, 17. 31. 53. 3. 12. 16. 17, 13. 10,
6661661111116, 17,16616611611116 ΠΙ 1. 14,13.23. 15, 7. 16, 6. 26. 38.
4, 70. 41. 18, 5. 21, 21. 23, 1. 3. 17. 24, 5.
166111 111 28, 6. 16611661 111 1, 33. 27, 34. 36. 50. 27, 6. 45. 51. 29, 31.
166116611Π27.22. sentire CS 73. 63. 57. 1111 1, 12. 2, 45. 3, 20. 24.
166116111123,5.6661111 7. 10. scn- 8, 21. 23. 3, 5. 3. 12, 15. 21. Ε 1, 5.
111 111 5, 36. 1111 6, 3. sensere 1111 6. 2, 51. 3, 1. 13. 5, 5. 6, 3. 15. 14,
ἢῆ smmmoemffl
separetis ll 13, 18. Sibyllini OS 5.
1616661666111611113,23. 116 13, 1. 2. 7, 17. 24. 12, 31. 1168.
septem 111 11, 3. 08 7. 23,25.33,10.114,18.13.5,18.10,13.
Septimi 11 6, 1. 11, 14. 17, 161113, 40. 27,25. 1111
sepulchri Π 18, 18. 20, 23. sepulchre 5, 15. 8, 29. 14, 25. Ε 5, 81. 7, 17.
11111, 51. sepulchrum E 3, 26. se· 0, 3. 16, 23.
pulchris 11 1, 30. E 5, 17. 17, 47. Sicana E 17, 32.
sequor 1111 l, 38. sequitur 111 16,17. siccet 13 2, 46. siccatis I 36, 27.
sequare 1111 11, 29. sequi 1 15, 18. cirrus 61666111 11, 23. 11661 11115,
23,12.11125,13. sequeturllir, 39. 116616118,3. 11666111123,
13. 14, 24. sequemur E 1, 14. 20.1166111142.1166111338111655.
66661111127,59. Siculum 11 12,2. Siculi 111 4, 28.
161666 137, 26. 161666 (116611.) Ε Siculae ΙΙ 16, 33. 1111,18. 8166-
15, 1. las 11114, 44.
Seres 11129, 27. 1111 15, 23. 861611 sieut l} 11, 1.
12, 56. 11116111 5, 79.
8611666 E 8, 16. 8611661 l 29, 3. Sidonii 11 16, 59.
16116611130. 5. sidus 1 12, 47. 11118, 31. Ε 1, 27. 10,
1611666611113, 71. 8, 5, sermonibus 0. 17, 41. sidere 111 1, 42. 9, 21.
mm, 10. 61661 1, 16. 1611161. 1111,
sero seueris 1 18, 1. 1611116111 10, e. 32. 7, 6. Ε 5, 45. 15, 2. 17, 5. sidc-
661666611127,5. serpente 1} 3, 11161113, 15. 08 36.
14. serpentium n 1, 20. serpentes sipnumsignu 118, 11. 1115, 18. 1111
Ι37,27. 1,16.15,6,Ε9,15.11361117,13.
serus 114, 3. 1111 2, 19.
seruilem E 4, 13. silentium Ε 11, 9. 11166116 111 2, 25.
661611 ΠΙ 8, 21. 1616161112, 12. ser· silentium Ε 6, 51. 85. 11166116 11
1111611314. 6616161123, 6. 13,23.11111,36.
161611111Π8, 18. sileo sileant 11118,21. sileb0112,
1616616161111121, 6. 16166613, 8. 21. †11119, 31. 1116611113, 31.
31623. 6616610827.161116161ΠΙ 111661ΙΙ16,23. 18,14. 1111166114,
6, 35. 1616616113, 2. seruatum 12. 2340116611). 11129, 39. 111·
1111 13, 24. seruata 11 14, 26. uam Ill 4, 63. 11111111 22, 9. siluae
1611161 seruis Ε 3, 10. 19, 3. 12, 8. 2327. Ε 13,2 (trienii).
16111112,45. 15,19. 1611138,4, siluarum 081. 1111111Ε11,6.111-
16111118, 22. sere 11111, 28. se· 611111 ll, 13, 6111111 121, 8. Ε
rimus, 26. 2, 26. 5, 55.
8611114, 14. Siluani 111 23, 23. 81111666 Ε 2, 22.
16611,27.28.3,16.4,12. 7,19.20. 1161111123, 1. 11127, 6. 1161116112,
11, 4 (bis). 12, 53. 13, 9. 23, 5. 6. 18. similem ill 15, 12. 13, 26, 11-
Π 3,5. 6. 17, 17 (511113. 111 4,3. 4. mili 1111 6, 23.
22. 23. 24. 6, 30. 31. 21, 2. 3. 4. 24, 816611111314.
57. 58. 11111, 10. 13. E 16, 29. 17, simplex 16, 5. simplici 1 38, 5. 1111
38. 08 16. 14, 13. simplices 118, 14,
1666161135,13. Ε11,13. 16116111 1111111114,17. 3, 3. 12, 27. 20, 6. 36,
27, 3. seuerae 111 8, 39. seuerae 9. Il 8, 5. 16, 2. 111 tm. 12, 3. 27,
111, 3. 1666111Π18, 28. 33. 1111 7,]0. E 1, 8. 11, 13. 16,25.

1166111161 1. 19

 

