396

41. 42. 50. 9, 43. 10, 49. 85. ΙΙ 1,
73. 76. 2, 17. 96. 115. 117. 122. 3,
11. 66. 111. 111 (111. 1, 11. 11. 6,
8. 7, 9. 35. 07. 8, 14. 21. 90. 1} Ι
2, 21. 35. 6, 18. 36. 7, 13. 10, 21.
13, 15. 14, 10. 15, 19. 18, 33. ΙΙ l,
5. 25. 132. 142. 203. 216. 268. 2,
93. 110. 179. 206. A 145. 250. 358.
375. (1111711.) l 1,102. 3, 57. 1,137.
9, 43. 68. ΙΙ 1, 51. 2, 7. 70. 3,198.
224. 250.5.82.7, 112. ΕΙ 1, 97. 6,
11. 1. 11111. 11, 11, 11, 11. 11 1,
68. 87. 2, 3. 23. 76. 115. Α 153. 175.

cum (coniunctio) I 16, 33. (1, indic.)
l 1, 104. 114. 2, 71. 114. 116. 122.
3, 87. 97. 99. 4, 89. 133. 5. 20. 6,
7. 108. 8, 2. 17. 9, 21. 10, 28. 55.
11 1, 11. 11. 1.). 11. 11. 11. 11.
3. 30. 61. 72. 73. 90. 131. 199. 202.
211. 212. 213. 258. 272. 271. 277.
303. 5, 99. 6, 101. 111. 7, 53. 71.
66. 66. E 1 1,11.1111,1,11,1,1.

5. 10, 17. 15, 4. 18. 13. 16, 30. 55. '

59. 61. 18, 10. 82. 81. 20, 8. 19.
ΙΙ 1, 205. 220. 221. 223. 224. 220.
251. 2, 103. 161. A 16. 90. (1. coni.)
Ι 1, 32. 38. 86. 92. 2, 31. 67. 3, 21.
25. 60. 121. 1, 11. 22. 107. 112.
113. 125. 5, 59. 9, 616. 12. 10. 25
(611). 28. 31. ΙΙ 3, 37. 262. 286. 318.
1, 4. 6, 88. 7, 40. 65. 8, 29. ΕΙ l.
101. 6, 25. 12, 11. 15,10. 16, 69.
11111111, 11. 11 1, 1. 11, 1111. 1,
153. A 56. 253. 331.

Cumas Ε 1 13, 11.

cumeram E 17, 36. 1111111111 1, 63.

cuminum Ε Ι 19, 18.

(quotcumque Ε 1 1, 16.

cunctetur Ι 2, 122.

cunctum ΙΙ 3, 63. cunuti ΕΙΙ l, 81.
cuneta Ε Ι 11, 4. cunctos 1 4, 87.
cuncta ΙΙ 1, 8. 90. Ε 17, 31. 12,
11. 18, 96.

cunnus Ι 3, 107111111236. 11111-
11111270.

⁰ipildi 34 4311311131313114 41¹1 611
1 5 Q. , ι
7, 85.

cufidus Ε 12, 21. 1166 cupido

Ι 1, 44. cupidum ΙΙ 1, 12. 2, 98.

Ε ΙΙ 2, 156. cupi66E ΙΙ 1,106:
Cupiennius I 2, 36.

cupio I 9, 6. cupis Ι 9, 14. Ε ΙΙ 2,
118. 11ρ1111,1111.311,11. Α
29. 166. cupimus Ι 3, 56. cupiam
11, 66. 1111111113121111.
cup1sns 116, 86. 7, 1. 27. Ε 16,

INDEX 1'616606111

10. ΙΙ 2, 36. euperem Ε ΙΙ 1, 257.
11111111Ε Ι 16, 66. ΙΙ 2, 109.
111113 33219388 3⁶¹⁰}
1 · “i · 1 · · · 1
111. 111111. 11 11111111.
104. 3, 160. 187. 193. 7, 101. ΕΙ
1, 70. 2. 5. 37. 8, 10. 9, 7. 17,17.
11131111, 111111. 111111.
150. 470.
11111Ι1, 93. 6, 36. Ε Ι 1618. 11,
611 1, 151. A 336. curae I 6,.11.
8, 18. 111, 8. 313, 36. 1111111
1,31.111,11.11.1,111.ΕΙ1,
31. 1, 12. 5, 13. ΙΙ 1, 215. 611111 ΙΙ
6, 99. 11261. 11111111ΕΙ3,26.
111111 Ε ΙΙ 2, 83. cums 1 211112
I 2, 49. 11, 25. 15, 19. 18, 101. ΙΙ
666116606111311 2, 136.
curatoris E Ι 1, 162.
Curiis Ε Ι 1, 61.
cur0113,16.111 1, 11. 3, 6. curas
Ε Ι 11.·18. 16, 17, 1866111112
Ι 17, 58. ΙΙ 2, 182. 11111211. 611-
1111111361111181 1,17. 1213.
17, 5. 1111111611161. cura 116,
38. 11111116,37. ΙΙ 6, 38. ΕΠ
1, 61. 1111111611 Ε Ι 1, 6. curubis
Α 133. 11111111 Ε ΙΙ 2, 131. cu·
randi F. 1 2, 36. 1111111111 Ε 12,
211. 11111111] 1 1, 91. curat} EI
4, 16. 1111111111 2, 86.

curris Ε Ι 1, 45. currit 116. 238.
currunt 1 1, 36. 2, 24. Ε Ι 11, 27.
currat Ι 16, 9. currere 1 1, 91. 8,
17. 111, 1. 116, 1131111611111122.
currentia Ε 1 3, 4. currebat 1 3,
16. ΙΙ 3, 282. curreret II 3, 117.
curres Ε Ι 2. 31.

curru Ι 623. ΕΙ 16, 7. 11 1,177.
11111111 1, 114.

cursitat 11 6, 197.

cursum (†qu0rsum1 *113, 261. 11
67. cursi1115, 78. Ε Ι 18, 61. A
412.

Curtillus ΙΙ 8, 62.

curlo curtabit ΙΙ 3, 121.

curtus curto (151. 111.) 16,101. curtis
((1111. 111.) I 9, 70.

1111118 Ι 6, 53.

curuo curuat ΙΙ 1, 41.

curuos curuo Ε ΙΙ 2, 11.

cuspide ΙΙ 1, 11.

custodis Ε Ι 1, 22.

custodis II 3, 123. 151. custodiet 11
,11691111111111111.
Α 239. custodis 4, 118. 1111611111

 

