merx 1511555111 285

15515Π125,1. 1511111117,5,1112, 15111151511115,3. 111515. 1511115

12. 1111 7, 8. 117, 13. rapiunt 111 11112,43. reditus 1115, 52. 11
11, 49. 15515511151113,3. rapere 16, 35.
111515. rapiente 111 352, rapiam redonabo 111 3, 33, 1511555511 11 7, 3.
118,13. 15515111 15111. raptus 15115511111121,17. 15155111110,15.
1Π 20, 16. 15515511112,21.15ρ11“1 1111 2, 17. reducet 1: 13, 8. redu·
114, 8. 1511155111 29, 37. rapta l: 5551111 1, 21. 1511115111 17, 17. 11
5, 23. 1511115115, 12. 2, 11.

raptim 111 6, 27. resero refert 111 5, 28. 7,16. 1110, 50.

raptor 111 20, 4. 1111 6, 2. 151515511111 13, 13. 1515151 CS 22.

15151 2, 24. 35, 21. 1111 1, 31. mre 15151111 6, 6. 1515115111 3, 71. re·
Ε 2, 33. 15151112, 31. 15155115 1111 2, 58. referente 111

15155118, 11. E 10, 14. 16, ef. 15155 29, 20. 11116, 42. 1515151111 12,
18, 24, 15155 (eccur.) 11118, 32. 39. 15151551114, 1. rettulit Il 1,
15115 (arura) 1 l, 17. 28. 1111 15, 5.

1555111 14, 14. 1565111 1, 17. refeceris 111 6, 2.

reuda 15511 meme. 1151155 111633. 1511115128, 11. refixa l: 17, 5.

recantatis l 16, 27. 1511511515 11124, 29.

recedentis 11 19, 31. refringit 111 3, 28.

1555551311,30. 11125, 7. 30, 8. re· refugit 1 1, 341111 13,10. refugimus
55511 11 19, 5. 15555115 11127, 43. 135, 34.
recentum 1 10, 2. refulgens 11 17, 23. 1511115111 12, 28,

reciditur 111 24,34. 15515551116, 40. regali 111 30, 2. regalis llll 0, 15.
1551511511 18, 4. regiam 1 37, 2511 18, 6.

155155511511127, 1. recines 111 28, reginaldi), 1. 37, 7. 1114, 2. 20, 11.
11. 1551551112, 3. OS 35.

recipie recepte II 7, 27. 1111 2, 47. regius 111 2, 10. 27, ue. regium ll 4,

1551155111 17, 24. 1551155155113,7. 15. regine 11 15, 1.

155151515124,17. 1:17, 71. reclu· 155555112,52,112,9.1·55551115111
dens 111 2, 21. recluditur II 18, 33. 3, 39. regnare 111 5,2. regnauit 111

reconditum 11115, 2. 30, 12. regnata 11 6, 11. 111 21127.

155155111124, 16. 1551551151114, 155551511234. 15, 8. 112, 21. 111
40. 1551551511120,13. recreatur· 16,41. 11114,2, regno 11111,4.
122, 18. 1551555151 11 13, 36. regna 14, 18. 11 13, 21. 19, 21. 111

155155 ΙῙΠ 9, 30. 155151111111 15, 10. 4, 46. 1111 14, 20. E 17, 2.

15511 11114, 34. 1551551111 4, 48. 1595 15315135, 1. 1: 5, 51. regit 111
1551511Π9,46. 15511551110,1. 1,48.9,9.24,10.115,1. regntl
1515511115, 46. 3, 3. 1555111257.

1555151111 1 12, 32. recumbens III Reguli 1115, 13. lteguluml 12, 37.
3, 11. 151551111110, 42. 15155155 1119, 20.

recurrit 1111 7, 12. recurres E 5, 75. 151551551111 8, 16.

redditi} 15, 43. 1511111151 3, 7. 16, 28. 1515111129, ll. relapsus 11 17, 18.
1111 11, 35. redde 11 7, 17. 1111 5, relego releget 111 11, 48.

5. reddereI 1114. ll 17,30. redde· reliyc religas 1 5, 4. religarat 1 32,
151 1 20, 7. reddet 111 27. 71. 29,47. 7. religata 11 11, 241111 11, 5.
1511111111116, 43. reddiditllll 14, relinquit 11 lue-2. relincunt 118,19.
38. 15111115151117, 44. reddidia· ' relinqueret 111 5, 54. relinquam
seaI 10, 9. redditum 11 2, 17. 1120, 5. relinquent 11 15, 2. reli-
redempter 111 1, 35. quit 111 4, 78. Ε 16, 20. 17, 22. rc-

redeo redit 111 9, 1711115, 31. 8, 14. lictum 111 27, 34. relicti 11 7, 10.
redeunt III 18, 10. 1111 7, 1. 10, 8. 1111254. 1511515 1 10, 14. 15115115 1:
1511511512, 4515115511 24, 15. re· 1, 21. 15115155 1 34,5. 15115115 11 1,
5551111555, redi 11115, 4. re· 37. E 17, 13. OS 44.
direE 16, 26. 08 58. rediens ΙΙΙ reluctantis llll 4, 11.

21, 24. redeunte 1115, 9. rediret 1 remanete l 27, 8.

2, 5. 1511111111115,26. 115, 76. re· Remi E 7, 19.

11111 1111 8, 19. remige 11 16, 57. remiges E 17, 16.
redige 1515311137, 15. Ee, 69. remigio I 14, 4.

 

