242 nunna vaaaoavsr

5555151231. canesEb,b8. 55- carmen132,4.11130‚ ramlera.
num III 16, 2. canibus E 17, 12. 119. 5. 14, 7. 68 8. 55551515 1 6, 2.
55511155 l 9, 17. 5551115 Il 11, 8. 11111130, carmine 1 7, 6. 11111,
cano 5551111112, 13. canentes 1111 24. 28. 13. 1111 3, 12. 11,36. 1530.
6,37.119,18. 5555151132,Ιο Earn. 55555155551117,4 cnr-
5555511154. 5555551105. 1111 mina l 2, 28, 15, 15, 11 19. 1. Ill
2, 47. 55555555 1111 15, 22. ceci· 1, 2. 11112, 32. 8, 11. 12, 10. 11 17,
51111 13, 11. cecinisse CS 25. 55· 23. carminibus 111333. 1111124.
55555111 11, 2. 8, 11,
55555551120, 15. 55555151 12, 11, Carpathii 1111 6. 10. Carpathium 1
Cantaber 11 11, 1. 1118. 22. 1Π1 14, 35, 8.
41.(15515155515Π6,2. 55555111, 8. 55555551117,12. 111
5551555151 20, 2. 27, 44. 64. 1111 9,33. carpentisllll
55515122, 10. llI 1, 4. cantamus 1 2, 29.
6, 19. 55515555119,19. cantare Carthago Ill 6, 39. Carthaginis 1111
11 19, 11. cantabimus ΠΙ 28, 9. 8,17. 117,5, Carthagini 1111 4.
555155111 1, 20. 5555111130. 1111 69, Carthaginem 119, 25.
13,6,1113,17, 555155124,3.11 55555131,13. Π17,7. 5551124, 2.
12, 14. CS 22. 55551111127. 5555120, 5. cari
canus 55555 Π 11, 15, 5551514, 4. llll 13, 14. carie 1 36, 5. 1111
55555111116, capacibus II 7, 22. 9. 51.
capaciores 11 9. 33. Caspium ll 9, 2.
capellae 11 16, 49. 55551115 I 17, 3. Castaliae 111 4, 61.
5555511 10, 23. caprum 111 6, 7. 55511155111 24. 23,
5551115511114,25.1117,23. 55511- (1551551117. 42. Castoris 11115, ab.

. 115 11 13, 35. ΙΠ29,4.115,27. ca· Ε 17, 43.

51115511 7, 8. 11, 15. 1115, 9. ca· 5551551 1. 23. 7, 20. 555155 1 10, 16.
5111151 12, 41. 29, 7. 11125. 14. 111 16, 23.
cepio cape 111551. captas Illaec. castus (16 42. 55515 1111 5, 21. 55515
5551151113, 68. 5551555 llll 1, 38. 111 7,15. castae 111 3, 23. 555115
captis 11116,17, 112. 59, 555155 CS 6. 555115 1111
Ca 115115551113,42. 24,45. 30,8. 11,6.
1151101101 31, 6. IIll 3, 9. 033ss Π 10, 10,

emamus mmfflmeaamamam
caprea Π114,13. 5555555 111 1512. eugeni, 1 37, 20· mem 159, 5·

mmwfflmwwffiffiffi· ummmmmunm
Capricornus 11 17, 20. catenatus Ε 7, g,
91111Ξῆ003 Ε 5· 17· cateruae 1111 4, 23. 551555551 8. 16.
55Μ5Π34, 55555555.
captiua 1115, 18. captiuae 11 4, 6, cmm 133·
cmwumsstffi umamammnnmnnm
Capuae E 16, b· ι 51, 11·
⁰33²ss 413412111355, ἐξ ῙῖᾐῗθίέἭ Cato (Vticensis) Catonis I 12. 35. 11

amnmmawmamua „a ,
5550, 118. 5, 11, 53ο 11111, 13· catulos lll 3, 41. 20, 2. catulrsl
5555555 10

carbo 111 8, 3. , 5515511031111213.

cardines 1 25, 6. Caucasum 1 22, 7. 111, 12.

55551 111, 36. 10, 6. 7, 111 29, 23. 5555155511 13. 31.
555551Π119,28. 111613. caream caue l 14, 16. 111 7, 2411 6, 11 (5151.
111 19, 8. 555551136, 16. 555555 creuere 1118, 26. 55555511115, 13.
E 16, 16. 55555115128,1. caren- cantum 55111 13. 14. 5551551110.
1555131,20. 11126,10. 27,39. 3. 555115518, 10.
55555115 11 8, 12. carentibus 111 5531555111 14, 11. 16, 47. 5551511
24, 17. carebimus 11 14, 16. 19, 12. 111 1314.

carinam 11 10, 20. 5551511358. ca· causa ll, 2, 14. causae l 16, 19. cau·
rinae I 14, 7. 5551555 l 4, 2. 555 11 1, 2.

 

