m

Ῠιιαιιῒο 11, 59. 2, 15. 47. 73. 3, 83.
ΙΙ,,21.2,.,.127485718.ΕΙΙ
1, 1711293147. 11140, quanta
15, 43.ι55115111111,118.(ιυ5515
112. 70. quantum (a'du.) 18, 19.
46, 115, 80. 1611, 28. 7,96, 111,
257. 2. 42. 193. 19411371.

quare 12, 779, 53. 112, 103 3
46. 126. 176. ΕΙΙ2, 96.

quartana 113, 290.

quartus quar94 Α 1925151689 115,
106555151116, 1225511515,
23. 9, 35. Α 258.
511551550855115, 36.
55511511,64.3,76.114,57.
QQnmvaQQ.
quaternos Ι 4, 86.

(551113 ll 9, 84. quatient Ε I 10, 91.
quattuor I 3, 8, 5,· 86. 11 ll 1, 186.
-que Ι 1, 9. 29. 7615111, 83. 89. 92.
106. 107. 110. 2, 6. 39. 45. 60. 53.

. 56 (511). 65. 66. 71. 73. 8085104.

119. 116. 119. 123. 3, 24. 52. 59.
62. 78. 81. 97. 103, 104. 112. 115.
131. 135141. 142, 4, 1. 7 17. 37.
58. 61. 66. 69 72. 73. 75 83. 90.
96. 07. 109. 115. 117.118.120. 127.
5, 14. 19. 20. 22 (5151. 24. 32. 35.
40. 46. 48. 52. 69. 75. 8596 Q).
QQQQQQQQQ
74. 78 99.91.109.113.115.†125.
Q.Q.1QQQQw.5
7. 11. 17 (61.1). 22. 24. 35. 39. 42.
50 (7111). 9, 4. 55. 10, 27 Q). 36.
QQQQQQssma
22. 25. 50. 68. 69. 75. 83. 2, 3. 4,
21. 42. 46, 49. 79. 75. 84. 95. 109.
5555ΜΜΗΗ5
57. 95. 109. 119.115.125.139. 131.
144. 146. 157. 162. 171. 182. 195.
200. 208. 216. 266. 271. 288. 294.
4, 3 Q). 65. 68. 77. 85. 88. 92. 5,
4. 6. 22. 39. 57. 63. 68. 69. 77. 99.

102. 110. 6, 15. 17. 19. 21. 27. 58.1

555555555
5Μ555Μ5555
555555555
55555555
1555555555
Q1,115Q35555
55.5.5555ᾙΜ5
5155 355151555
555315QQQQQQ
5,5.5555555
(5555555555.
5555555Μ55,
5555155555555
5555555555

INDEX vnssnoltvn

QmwQQwQ
32. 38. 15, 6. 9. 17. 20. 24. 31. 16,
20. 21. 25. 39. 35. 38. 41. 42 49.
50. 61 70. 72. 7417, 7. 10,.1129,
515,.,7186823,38....454650
59..,...,..6881899098194816
14. 16. 24. 34 (55). 36. 20, l. 26.
111,7..1116.20. 21. 37.45..49
61. 64. 72. 75. 79. 88. 89. 92. 97.
102. 109. 117. 126. 139. 147156.
155. 160. 167. 182. 184, 190. 204
230. 235. 247. 249. 252. 253. 255.
262. 2, 1. 5. 47, 50. 58. 64. 6672
82. 92. 120. 121. 126. 1301116137.
QQQQQQQ
AQQQQQQQQ
54. 55. 58. 62. 63. 65. 70. 73151'51.
60. 83. 8687. 94113. 123. 128. 160.
132, 145. 157. 162. 165. 166171.
172. 174. 177. 178. 183. 193196.
QQQQQQQ
211 (5151. 212. 214. 215. 218. 224.
235. 239. 241. 242, 247. 255. 261.
QQQQQQQ
299. 307. 311. 317. 319. 321. 322.
336. 344, 349. 358. 377. 380. 384.
388. 391, 393. 402. 405. 413. 415.
425. 440. 444. 452. 455. 456. 463.
466. 474. 475.

queo quis 117, 92. queam 114, 95.
5, 2. ueas1l5, 10, 11118, 97.
queat13,15.q11eamu511.119.
qluereusb 115. 9

querella ,4 98. querellas Ε 1 12, 3
querimonia A 75.

que or quereris E ΙΙ 2, 24. queritur
1117, 49. 17, 53. 55551111 116,
55. questus, 16, 87

quernus A 173.

551 ιι· ιι ιι
10, 69. 73. 89. 87. 116117. 124
181828384858859261
1517, 34, 63. 71. 83. 129. 7, 6.
5.Μω55ωωι.
45. 65. 2, 108. 110 3, 40. 53. 96.
100. 109. 143. 158. 298. 221. 236.
281. 288. 298. 4, 15. 22. 55. 5,15.
29. 9, 9. 11. 7, 16. 20. 79. 81. †83.
109. 110. 8, 25. ΕΙῙ, 7. 6568.
9,3.1....'.940415159529,15.
49,.,5256,..95051..5658.7.
96.19,26.29.39.11,1l.1214,
13 20. 15, 28. 29. 16, 28. 33. 41
(1111),(15 63. 67. 17, 10. 16. 37. 98.
48. 53. 18, 53. 56. 65. 81. 111. 19,
5555555555
44. 48. 86. 111, 115. 182. 211. 233.

 

