474 1111111 1111101111

555ωμωωω115555ωμωω1
10. 3, 81. A 155. 268. 201. , II 1, 17. 30. 50 (5111), 55. 2, 68. 72.
uotiua E 1 3, 36. 1101111511 1, 33. 76. 111. 3, 28. 30. 31. 133. 215.
1101111106111176. 1101111111] Ι 11, 5. 255. 315. 4, 13. 19. 5, 5. 49 (161).
11010 Ι 5, 66. ΕΙ 2, 56. 11, 11. 83. 6, 10. 15. 57. 67 (prout). 7, 82.
11011111,22.11ο111116,1.59. 89. 8, 1. 7. 13. 29. 36. 53. 58. 72.
mmssuss AfflssmwmmstfflA
mnffiwmwmfflzm mwAmffimzmna
11000111931100013, 8. 7, 31. 9, 70. 8, 13. 11 (bis). 17. 10, 10. 12.
76. 10, 3211 3, 257. 5366. 110666 11, 11. 13,1. 13. 11. 15. 16, 33. 17,
ΕΙ 1,31.11 1, 200. 11216. 110666 3. 18. 40. 18, 3. 20, 11. ΙΙ 1, 31.
Μ55Μ656η5 55ηωμ5ω10
18, 12. A 158. 318. 30. 124. 137. 1160. 101. 136. 202.
urbanus l 4, 00. 10, 65. 116, 30. Ε 232. 351. 361. 371. 110. 431. 453.
1 15, 27. 13, 16. urbani Ι 10,13. 111 (p. tempor-aus) Ι 5,15, 6, 27. 56.
urbanae (951.) Ε 19, 11. urbanum 9, 13. 11 1, 21. 2, 128. Ε I 7, 72.
Π 6, 80. urbano A 213. urbana 15, 26. 19, 3. 11 1, 93.
(1100.) Ε 1 11, 10. 111111.111170101ίί10.οο11111107.) ΙΙ 5,18.
111111611 6, 90. Ε Ι 10, 1. 14, 22. Ell8, 18. 17.
20, 23. II 2, 85. urbi E Ι 16, 28. 111111. exclamantis) 11 6, 53. 8, 62.
II 1,121.11111611111, 11. 6, 31. 8, ΕΙ 19, 19,
17.0,13. 10, 1. Il 0, 92. 7, 28. Ε 1111511111ιί consec.) 11,1. 2226. 31.
Mmmmnmssmm,mffifflmmmfflm5
98. 5, 37. II 1,46.2, 120. 5,18. 20. 15. 19. 123. 3, 2. 28. 32. 51. 61.
Emmmmfflwammmaewmffi
Affimmwfflmssmss 5101151515
urceus A 22. [10, 6. 8.] 10, 3. 9. 73. ΙΙ 1, 32.
urges Ε Ι 11, 26. 11186112, 1511 43. 60. 80. 3, 1. 52. 51. 55. 92. 122.
2, 61. 3, 30. 130. 6, 29. 7, 6. 93. 115.1521831115.195205231210.
EflhmzmAfflmmss mmssfflfflwAmwff
5, 07. 6,21. 011101011177. 11131. 108, 3. 1867. 6991. Ε11,27.39.
-..31311131111313111θὲ1 111·1111112111
1·1·’1· ‚'‚,‘.,...‘'),...‘·
5, 31. 3, 30. 16, 6. 12. 17, 20. 18, 13. 18. 67.
mfflfflzmssfflssfflhswwwmmmmmffi
13. 11111019, 66. 1110111015, 81. 65. 218. 220. 226, 211. 52. 71. 87.

ω6ωο555ω1155μ5Μ555μ1
16,17. 1111 11 7, 58. urenda Ι 3, 111, 201. 237. 210. 255. 257. 335.
37.1110111106Ε Ι 15, 37. 111 (p. 0011011510) Ι 1,·69. ῨΕ 1 2,
ursus A 172. ursum Ε ΙΙ 1, 186. 10. 18, 16 1,). (1) †A 265.

1111111161 1535. uter 1111111111 5, 98.

1111105 Ε Ι 12, 8. uter 1 4, 10. Il 2. 107 (uterne). 3,
0101111111,37.ΙΙΙ,31.7,30.ΕΙ 102. 180. 5, 28. 7. 17. E Ι 15, 22
7,25.111,265, (511).111,55. utrius 11117, 15.
, usque I 1, 97 (adusque). 2, 26. 65. utrum 11 2, 61. 11115, 11. utro
3,7.1,20.5,82.96(61111111110).0, ΕΠ 1, 55. utra Ε 1 15, 23.

105. 9, 15. 19. ΙΙ 1, 76. 7, 21. Ε Ι 11101 116 I 4. 67. 5, 28. 53. 7, 21. 10.
10,24.112, 170. 201. A 151. 351. 83. 13, 176. 6, 101. Ε I 14, 12.
11111113,102, 116, 75. ΕΙ 12, 1. 11. ΙΙ 2, 69. 96. 1196. utrique 11
ΙΙ 1, 92. 2, 110. 153. 175. A 71. 3, †50. 140. 11111011 116 14, 08. 7,
υωω101ηω1Μηω.111500111560
111· (p. comparatiua 0111 interroqatiua) utramque Ε 1 17, 29. utrumque ΙΙ
Ι 1, 23. 25. 16. 51. 61. 01. 00. 102. 8, 17, A 271. 1111011116 17,11. ΙΙ 1,
mmmmwwffium.wfflmm5mmlmae
105. 3, 22, 43. 16. 69. 73. 86. 89. utroque 111, 7. utrasque I 8, 25.
110. 111. 123. 130. 4, 10. 21. 00. utrisque II 3, 50. 281.

95. 102. 109. 126. 6, 5. 63019. 1111(ρ.1·011111(11’1111’111111 1,113. 4, 31.
60. 73. 86. 90. 7, 16. 27. 8, 32. 42. 11. 1111 7, 79. 8, 73. Ε Ι 6, 65.

 

