rnonx 1011101111 237

amicus (1051111111.) E 9. 10. amici 111 12, animae 111112, 2. animas 1

8.13. 1101100117,28. 0011000111 11117.

18, 12. 1101100119. 5. 14. 6. E 1. 2. animosus 11 15. 21. 111 4, 20. animo·

111101050111130. amicornm 110111111311.

Ε11,25. 1101100117, 24. 111 5, 47. animus 11 5. 5. 16. 25. 1111428. 8.

amicis 11110. 51. lo. 9, 34. 1101011112. 5. 1111 1, 30.
ι111111011115,27. animum 1 1528, 19.4. 11 1, 24. 11,
0010111225318. 11112. 5. amnem 12. 111 10, 18. 24, 7. 1111222, 4,

1114, 36. 001001111526. amnes 55. 0111100128,5.1114,68, 1111

1119, 17. 11129,41, 7. 20. animis 1111 10, 8. animos 1
01110 1110111125. 3. 1111615. 19. 13. 33.11.111 14. 25.

0111001113, 15. Ε 8. 16. amem 111 Anio 17. 13.

9. 24. 1110011255. amet Ε 15. 34. annosa 111 17. 13.

amantis 112. 57. amantem En. 011011110011111622.

9. amantium 111 10. 14. amabol annus llll 7. 7. 111, 29. anni 11119,

22, 23. amandi 1111 11, 34. aman· 39. annum 13221111 11. 1. anno

noran. amatallll‚20. amati 131.14. 11189. 18.5. 23,8.

ΠΙ27. 47. 1111011114,2. 0000101011130, 5,
01110εο110113, 14. amoenum 1 17, 1. 1101101115, 15. 9. 15. 111 22, 5. 1111

amoenae 111 4, 7. 11. 20. 13. 23. (1321.
em0r113,20. 18,14. 25, 13. ’33. 5. 01101000110110111151101110051112414,

114,1. 1Π15.11. 19, 28. 11114. 0010(01110001.)11110, 3. linaro.

12. 9,10. 112. 37. 11.24. 1531. 11127. ,

amoris E 5, 38. amori 111 12.1. 111110(0111101’5.)Ι29.3. 11129. 2. 1111

0001001214, 11. 15. 10. amorel ll. 3. menecea.

27, 17. E 5, 81. 11. 2. 3. amores 11 antea l} 11. 1.

9, 11. amornrn 1111 11, 32. amori- antecedentem 111231.

11011194. 11 12, 16. 1101010119. anteco anteit 135. 17.

15. 11 11. 7. 111 6, 23. 21, 3. Η11 antchac 1 37. 5.

13, 19. E 15, 23. antemnae 1 14. 6.
amotas 1 10. 15. antequam 111 27, 9. 53.

Amphion 111 11. 2. Antilochum Il 9, 14.
amphorae 130. 11. amphorae 1118, 4011005111111115. 36.
11. amphoram 111 28. 8. ampliora antiqua E 2. 23.
1111334. amphoris 1} 2, 15. Antium 135. 1.
1110011011 13,17. E 17, 30, Antoni llll 2. 25.
amplum 11141. antro 15. 3. 11 1. 39. 111 4. 40. antris
amputans E 2, 13. 111 25. 4.
AmyntnsE 12. 18. 1111011250. llll 13, 2. Ε 17. 47. 50.
amystide 1 35, 14. anim 1) 5. 98.
an 1 12, 33. 34. 35. 113, 22. 4, 13.111 anxiis 11121, 17.

4, 5. 20. 8. 27. 39. 43. 1111 7. 17. 11 00011123, 11528. aprum 11112,

1. 9. 3, l. 6, 15. 7, 13. 14. 12, 5. 16. 15. 1101101115. 20. apros l: 2, 32.

2317, 76. 11001110 CS 13.

Anacreon 1111 9, 9. Anacreonta E apertum Ill 12. 13,

14, lo. apicem l 34. 14. apices 111 21. 20.
Anchisae (1550. Anchisen 111115. 31. apis 1111 2. ’27, apes Ill 15. 33.
anciliorum 111 5, 10. apium 135, 15. 1111 ll. 3. apio 11
ancillae 114, 1. 7. 24.

Ancns 1111 7, 15. Apollinari 1111 2. 9.

Andromedae 11119, 17. Apollo 1 2, 32. 7. 28. 15. 12. ll 10. 20.
angiportu 1 25. 10. 111 4. ol. Cn' 34. Apollinis 1 21. 10.
mgne01113‚‚36.11111.18. angui- 11155. Apol11nc1n13l.l. Apol·

bns 111 10, 18. lino 1 7. 3.
angulus 116, 14. angulo 1 9. 22. apparatis 1 38, l.
suffimen} 051011. angerolis 111021. 00031001 110001011ίῖἑῖ 659.) ) appareat 11
snei . . ...a iare .·.·..
aninsolae. 12, 37. 11 17, 5, 1119. apparo aplilnet 11 2, 46.

 

