11111 1111011111 281

, 13.14,44.11011111Π13,38.110111 1111115, 13117, 20. 1111101 1,22.

1116, 12. OS 11. 11111128,29. 111111111112,35.
1101111111 7, 6. 9, 11. Romana llll E 2, 43. 1101011 12, 19. 11119, 28.
4, 46. 1101111111113, 23. Roma· 111111 18, 11114, 18. l} 7, 8. 11-
1111108 66. Romana 111 6, 2. Ro· ero ll 13, 29. III 19, 4. CS 4. 11-
mani 111 9, 8. Romanos E 7, 17. 111111 17, 6. 111111 1 2, 3. sacris
Romuli 11 15, 10. 1111111. 11011111- ΠΙΙ 15, 25. 1111111...11111Ε4, 7.
1111112, 33. sacerdos 111 1, 3. 3, 22. sacerdotum

· 1101111111 (adiret.) Romulae 11111, 1. 116, 6.

Romulae OS 47. sacramentum 11 17, 10.
roro1114, 61. 23, 16. 10111 1113, 66. sacrilegi 11 13, 2.

1011138, 3. 1011111 3, 14. 111 15, 111101111111126, 11.
15.Π1110,4.101116,1.1111,14. 1111111111 2, 26. 3, 62. l} 17, 57.
rosas I 36, 16. rosarum 111 29, 3. 1101111114, 6-1. 6, 14. ll 5, 52.
insunuans. saeculam12,b. 111111011116,42.

roseam 1 13, 2. E 8, 1. 11111111116, 17. E 16, 65.

101111110118. 1111117, 16. 31. 9, 11. 12. 17,1. 11

1011 ΠΙ 10, 10. 101111 1, 6. 7, 1.6. 8, 20. 111 2, 29. 7,31. 21,12.

rotantes 1111 11, 11. 11 14, 6. saepius ll 10, 9.

1011111111 I 28, 5. rotundioribusE 111101161116.

8, 13, saeuit 1111 14, 27. E 3, 6. 1111111111
rubens 11 11, 10. rubente Ι 2, 2. 3, 37. 11111111 26, 15.

116101 36, 32. 111 13, 7. rubros 12 1111111111 12, 26.

17, 61. 111161 Ι 16, 11. 111 1,27, 1111111 12,
1161111123, 6. 43.19,1. 28, 20. 36. 17. 1111 1, 5.
111111111110, 6. l} 5, 47. 11110111102. saeuam
1111111112, 9. 24, 64. 16,8. 11110133,12, 11110,2.
rugae 1111 13, ,11. rugis II 14, 3. E 29, 49. 1111111 12, 22. 37, 30111-

8, 3. 10111 12, 6111 16, 16. 1111111 ta,

. . . , . , .

1111111811 i‘sii'mnam 11 111. mins 11111811Ε,“11.ΙΠΗΜ Μ’ n.

ll 19, 16. ruinas Ill 3, 8. ruinas 1 Sagana E 5, 25.

37, 7. 1111111115, 40. 111114, 19. sayna sagaces llll 4, 75. sagacis lI
rumpit 111 27, 6. E 12, 12. rumporo 5, 22. sagacius E 12, 4.

1 16, 7. rumpant 1111 16, 22. rum· sagittae 11121, 6. sagittat 12, 24.

01111115, 86. 111ρί11 1, 23. rupere 27, 12. 1114, 72. sagittas 1 29, 9.

E 13,16. ruperit E 10, 20. 118, 16. 13, 17. 11120, 9. sagittis
110111113,26.1Π4,66.11112,7.Ε 122, 3111 6, 16.

11,1.11111111,1.11111111,11. 1111111119, 28.

19, 9. ruentis 1 2, 25. 1111. ruen- 811111111111 15, 23.

111 ΠΙ 4, 68. Salamis Salamina 1 7, 21. 29.
rupes 11111, 61. rupibus Il 19, 1. Saliaribus l 37, 2.

1111111117, 1611111, 2. E 16, 19. salicto 116, 8.

. 11111111117,16.35,6.1111111,17. ,911118111111136111111628.
31,7. 116,11. 16.37. 11118,2. 1111111111 16, 14.

1111 6, 17. 18. 112, 3. salis 11 18, 26. 1111111111123, 20.
mutiens E 2, 68. 111110111123, 2. Sallusti 111, 3.

rusticorumlllti, 37. salsa 1} 16, 34.

1111111114, 16. 11111611 Π 3, 17.
salubres 1} 2, 58. OS 31.
S rm 1111ἓ1132ὶὲ6.
· 1 110 2 , .
salutari OS 53.

81611111 29, 3. Samio E 14, 9.

81611111117, 28. Sabellis 1116, 38. 11111011115, 4. 111011112,27.

Sabina E 2, 41. 81611111201. Sa· sanctior lllI 11, 17.
hins‘l 9, 7. 22, 9. 111 1, 47. Sabi· sanguineis 127, 4.-

111111 4, 22. 816111111614. sanguis I 24, 16. 1120, 6. 111 27,

 

