11161111 1116666111 263

1666166632, 63. 1666166310, 5. 1161122, 6. 3 17,12. 111611. 16,
1666161136, 7. 7. 27, 6. OS 43.

1661666126, 9. 13 28, 0. *E 6. 83. 1161616134, 4. 11 19, 12. iterabimus

inuicti 111 27, 7311161616 3 13, 12. Ι 7, 32. iterabitur 111 3, 62. 11616·

16111666 1 29, 1. 1661661116, 20. 1111 166 3 12, 21.

2, 24. 16616666137, 30. 1661666611 1161661114, 10. 28, 10.

ΙΙ 10, 7. 166166661613 1. 46. Ityu 1111 12, 6. “

16616113 20, 4. 1666612216.

1661666 13 1622. 166166 Ι 11,7. 113 166611 10, 2. 13 24, 42. 3 6, 17. 18.
8, 24. 1661611637, 6. 166166 1111 1666663124,67.1611633,1416-
3. 16. 6, 0. 166161 13 24, 32. 666161321, 7. iubentes 3 16, 19.

1661616166 13 4. 36. iubentium 111 3, 2. 166666 3 6, 91.

16111666 31 27,71. 16111611 34,Ιο in· 11, 20. 16666 316, 29. 08 39. 111661
uisum 111 3,31, 14, 23. inuisam 111 3 1, 7. 166666 E 17, 37.

18, 16. 1661611611 14, 23. 11166666 3 1, 6. 11166666 (plur.) E 2,
1663613223. 361666661613266.

16611661 Ι 18, 1216611613 11, 22. iudex 1113, 12. IIII 9, 41. 166166 1

166166123, 1. 28. 14.

166116636,16. 17,66. 161111631, 1661666166313,22.

26. 1661166 13 3, 42, 166116612, 1666161116, 1. 3124,12. 34,13.

61. 166111612333. iugerum 111 16, 20.
166611166111316,3. 1666 iugandis CS 18.

16661663129, 66. iugum Ι 36, 28. 11 6, 1. 13 314. iugo

inutile 1 14, 13. 1111146, 1661111 111 111 0, 18. iuga 133, 11. 11 6, 2. 31
17,10. 16611116 E 2, 13. 6, 42. 29, 8. 3 1,11. 3, 11. iugis

161312, 49. 6039, 21. 23. 319, 18,11126, 8.

1666661 12, 3. 20, 6. 166661 1111 16, Iugurthae 11 l, 28.

26. 1666666313, 63. 1666661 10, Iugurthino 3 9, 23.

7. 13 21, 16. 166666 3 3, 20. Iulium 1 12, 47. 161161111 16, 22.
1666133,12.1112,18. 1666611121, 1111161616 11112, 2.

2. 16616111, 37. 19, 26. iungas 11 2, 11. iunxerit 3 16. 30.
1666612. 34. iungite OS 28. 166666161133,8.
16166636, 21. 1666161319,17. 1666111614, 6.
1661666 3 2, 64. 1661666 13 6, 21. 1666166 Ι 26, 1. 1666116 111 26, 16.
166166 E 10, 19. 16111611 33. 3. 1661616631 6, 26.
1666116, 12. 20, 2. 1114131177. 166631, 26. 13 4, 69. 166661617,

1661111313. Elui. 166616 (marc.) 8. 166666133, 18.

128, 33. 33,13. 16661613, 38. 11 11166116112, 30. 11, 4. 16, 12. 22, 20.

18,18. 1666112, 17. 13 6, 8. 12, 116, 18. 10,16. 31 10, 8. 16,(1.

11. 1666 (11.) 3114,60. 16616131, 3114, 4. 74. 316, 63. 16616110,

13. 16666311, 6. 6. 28, 0. 32, 14. 317, 22, 111 1, 6.
ira 111 2, 12. 8, 6. 3316, 19. irum 3, 6. 64. 26, 6. 27, 73. 333, 293

36,64. 10,13. 1166116, 917. 2, 29. 17, 69. 0632. 1661121, 4.

116166312170. 1111613331. 117, 17. 13440. 31116. 6. 39,
1111666661 16, 33. 11666666 (plur.) 1 3. 16661613, 40. 13 6, 1. E 6, 3.

3, 40. 1166666161 13 0, 23. 10, 18. 13, 2. 06 73. 16661 1, 26.
116166 3 16, 14. 1111166 111 27, 46. 2,10.28.29.1116,12.

1111166132, 6. 116166111 21,10. iurabas E 15, 4. 16161666 E 16, 26.
irritum 111 29, 46. 1611638,1. 161631161313111, ·
1661663111,18.11118,18. 17. 1616128, 32313, 44.

16163 6, 3. Iustitiae 124, 6. 3 17, 16.

66616661163. 1661616133, 1. 1661611264317,

116124, 11. 11 16, 10. 24, iusti 1111 2,14. 166116 13146.

1161166136, 40. 131 14, 44. ltalia 1666666636, 6.

137,16. 16666666 31 27, 46. 1666661633,
1161661313, 18. 11616314. 116166 21. 16666666 317, 39. 16666616

331613. 116166313613. Itu· 1314, 30.31,26.

lunum. 16666666111312, 66.

 

