Innlox VERBORVM

nemquel9, 119. 3 36 ,1, 39. 49.
101. 5, 19. 41. 57. 9, 29. 114, 14.
11117,17.

nanciscetur A 299. 1611611111 E 1 15, 38.
neris l 4, 8. neribus 1 3, 30. nuris
1115, 931111111111611 11945.
narro l 8, 00. narres 19, 59. narret
Ε17,55.116116611113,16.11111-
ret A 184. nurre 11 7, 5. uerrere
11 11 1, 199. narrantem ll 2, 116.
narrares E ll 9, 147. narraret 11
8, 99. narrabo A 464. narraturi
1,70.1119,6.116116111191.1161-
11111115, 1.

nescitur 1 3, 66. nascentes 11 4, 30.
nascetur A 139. nebus 15,53. 6,
8. 21. 29. 35. 10, 31. ll 3, 8. 118.
zussnmommeu

6666666616,

11120, 20. 111, 9442, 2..Α82
3771.1111161165, 11610118, 47.
1.591161111Ι9, 97. 1111161169.
ΠΜΈΜ,9Μ6Μ6.
1166616 115, 57. 57. Nasicae ll5, 55.
Nasidienus 118, 75. Nasidieni 118,
1. Nasidiene ll8, 84.
nasus 119, 89. nasum 117, 38. nuso
1 6, 5. 118, 64. A 35.
1196111912, 93.
ΜΜΜΜ91
1111161611 119, 187. natalis ll 9, 00.
Ell 2, 210.
erutis 11616 l 8, 47.
nate natat 11 7, 7. 161611111118,49.
ΝΜΜ94
11111111] 1 7 49.
1161111611, 75. 88. 2, 74. 111.124.
9 35 113. 5,.102 560. 93. 10, 58.
111, 51. 2, 37. 129.,3 178. 49,1. 45.
6,76. 7,48. 74. Ε118,100.13108.
353. 111111]11166(1η.1) 1,50 1,.147
6111, 166. 1111111116 (riuum 16
19.11611116111114,64.11110,94.
12. 10. 11611115 Ε 11 1, 165. A 408.
1611111111 157 nalurus 118, 93.
nauigio E 11, 99
11111161 111611
11611611]11,6.11111,16.111,114.
naue 11 11 9, 900. 1191166(115111.)111
1, 192. 11111111 113, 905. 6111151161,
Μ946
1111115611 l 6, 90. *uanum (uenum)
El 18, 90. 1111111161 11 1 1, 94.
nauseat 11 l l, 93.
nantel 5, 16. 19. naulae 15, 99.
111111116615111.) 1 1, 99. 511. naulis
mmuuwflm

Μ

nautica 11 3, 166.

11511, 14. 23. 40. 78. 94. 98. 120.
mmewnwwmm
3, 73. 106119137. 4, 31. 110.113.
6666666156
57. 61. 80. 9, 16. 3. 31 (516). 88.
1669ΜΠΜ9Μ6
990. 297. 4, 18. 49. 5, 16. 37. 45.
16166666666
8. 13. 47. 3, 18. 5, 22. 93. 94. 6,
66656616166
6646666166
37. 18, 58. 74. 76. 88. 19, 96. 45.
ll 1, 908. 939. 267. 9, 21. 215. A
1591511). 176. 185. 927. 945. 979.
339, 381. 406.

ne (111511.) 1 1, 40. †108 (nemon). 9,
76. 109. 3, 90. 4, 64. 5, 65. 6, 38. 8.
11666666666
mmmmmmwwne
mmmnmnmmms
4,6ΜΜ669966
75. 7, 9. 34 (nemon). 61. 75. 88.
8.5.7Ell,.,..,553312512
rofflnrrunaelmirn
415, 1596. 3. 9731. 17,44. 18,
100. 19, 14. Ill, 41. 2,65. 148. A
114. 115. 117. 237. 255. cs. necne,
utrumne.

nebulonis Ι 9, 19. nebulonem l 1,
104. nebulones E 1 9, 98.

1166 l 1, 60. 9, 59. 80. 124. 127. 3,
69Μ61ΜΜ966.
6, 3. 85. 8, 21. 9, 31. 32 (61.1). 49. 50.
16,6..39.111,14...449,1..9166.
136(66).3,151(511)136151. 269.
6.1,69 .ΜΜ,1.6Μ.
6.6.6Η,66,6Μ1
71 (616). 5, 2. 7, 93. 35( (551). 38.
42. 8, 4015). 5. 10,45. 11,12, 15.
66966666Μ
66.ΜΜ66666
6166616696
958. 966, 9, 191. A 80111). 41 (bie).
133. 134. 136. 145. 147. 191. 199.
236. 249. 280. 289. †339. 350. 371.
ωωΜΜΜΜΜΜ

necdum ll 2. 44,

necesse l3, 111. ll. 9 ,31. 6, 96.

neelego uide neglego.

11661614,45.63.195.116,7)1

neco 1165111111 ll 3, 993. necari ll
16

nectit 11 l 19, 31. neolal. 611196.

1161111114 69.

nefarius A 185.

 

